1052618 1057663 1064000 1063257 
1053284 1056476 1070155 1060453 
1039651 1066652 1068789 1051312 
1050468 1060243 1070014 1059304 
1055208 1060707 1058817 1065587 
1049571 1058851 1061256 1069368 
1048148 1044741 1078179 1057744 
1062033 1071749 1063398 1072357 
1052645 1043751 1065283 1068290 
1047714 1048143 1043094 1073871 
1065893 1063352 1090720 1064113 
1052981 1083010 1077460 1064139 
1032627 1047321 1064967 1066927 
1063514 1070851 1066789 1080604 
1033304 1080030 1058915 1073905 
1045862 1069167 1073652 1070259 
1047867 1060208 1084397 1068201 
1054506 1044475 1065930 1073434 
1059511 1053854 1088650 1060147 
1063081 1065358 1054753 1067970 
1049904 1056127 1055706 1057605 
1053810 1061080 1079883 1061567 
1051511 1051702 1061285 1064964 
1044956 1043522 1071620 1053869 
1051520 1066846 1053581 1077512 
1037750 1077643 1074305 1065277 
1033730 1066386 1049777 1067387 
1044790 1058654 1078501 1062026 
1052861 1062664 1062526 1067032 
1051611 1064551 1085250 1061881 
