

Run number: 1
Best general solution:
Weight left: 51.0
Value: 7658102
Backpack configuration: [0, 1, 2, 3, 4, 5, 6, 8, 9, 10, 11, 12, 13, 14, 15, 16, 17, 19, 20, 23, 25, 26, 27, 28, 29, 32, 33, 34, 35, 36, 38, 39, 40, 42, 43, 44, 46, 47, 48, 49, 50, 51, 52, 53, 55, 57, 58, 59, 60, 64, 67, 68, 69, 70, 71, 72, 73, 74, 75, 76, 77, 79, 80, 81, 82, 83, 84, 85, 86, 87, 89, 91, 92, 93, 94, 95]

Run number: 2
Best general solution:
Weight left: 34.0
Value: 7653236
Backpack configuration: [0, 1, 2, 3, 5, 7, 8, 9, 10, 11, 14, 16, 18, 19, 20, 21, 22, 24, 26, 28, 32, 35, 36, 37, 38, 39, 40, 41, 42, 43, 44, 45, 46, 47, 48, 49, 50, 53, 54, 55, 57, 58, 60, 62, 63, 64, 65, 66, 69, 71, 72, 74, 75, 77, 79, 80, 82, 85, 87, 89, 92, 93, 95]

Run number: 3
Best general solution:
Weight left: 40.0
Value: 7652624
Backpack configuration: [1, 2, 4, 5, 6, 7, 8, 9, 10, 11, 12, 13, 14, 15, 17, 18, 19, 23, 24, 26, 27, 28, 30, 31, 34, 35, 39, 40, 41, 42, 43, 45, 47, 48, 50, 52, 54, 58, 63, 64, 65, 66, 68, 69, 71, 72, 73, 74, 75, 77, 79, 81, 82, 83, 85, 86, 89, 91, 92, 93, 95]

Run number: 4
Best general solution:
Weight left: 144.0
Value: 7653816
Backpack configuration: [0, 1, 2, 3, 4, 5, 7, 8, 9, 10, 12, 14, 18, 19, 26, 27, 28, 30, 31, 33, 35, 38, 39, 40, 41, 42, 45, 46, 47, 49, 51, 52, 53, 54, 55, 57, 59, 60, 62, 64, 65, 68, 69, 71, 72, 73, 74, 75, 77, 78, 79, 80, 81, 82, 83, 84, 85, 87, 89, 91, 92, 93, 94, 95, 96]

Run number: 5
Best general solution:
Weight left: 3.0
Value: 7653798
Backpack configuration: [1, 2, 3, 4, 5, 7, 8, 9, 10, 11, 16, 17, 18, 19, 20, 21, 22, 23, 24, 25, 27, 28, 29, 33, 34, 36, 40, 41, 42, 43, 44, 45, 49, 50, 51, 52, 53, 54, 55, 57, 58, 59, 62, 63, 64, 66, 67, 68, 69, 71, 72, 75, 77, 78, 79, 80, 81, 85, 87, 89, 92, 93, 95, 96]

Run number: 6
Best general solution:
Weight left: 41.0
Value: 7660522
Backpack configuration: [0, 1, 2, 4, 5, 6, 7, 8, 9, 10, 11, 12, 13, 14, 15, 17, 18, 19, 20, 21, 22, 23, 24, 25, 26, 28, 29, 32, 33, 34, 35, 37, 38, 39, 40, 41, 42, 44, 45, 46, 47, 49, 50, 51, 52, 53, 54, 55, 57, 58, 59, 60, 62, 64, 65, 66, 68, 69, 70, 71, 72, 73, 74, 75, 77, 78, 79, 80, 82, 83, 84, 85, 86, 88, 89, 90, 91, 92, 93, 94, 95, 96]

Run number: 7
Best general solution:
Weight left: 3.0
Value: 7651898
Backpack configuration: [0, 1, 2, 4, 5, 6, 7, 8, 9, 10, 12, 13, 14, 15, 17, 19, 23, 26, 28, 31, 33, 34, 36, 38, 39, 40, 41, 43, 45, 47, 50, 52, 53, 54, 55, 56, 57, 58, 60, 66, 67, 71, 72, 74, 75, 77, 79, 80, 81, 82, 83, 85, 87, 89, 91, 92, 93, 94, 95]

Run number: 8
Best general solution:
Weight left: 2.0
Value: 7653000
Backpack configuration: [0, 1, 2, 3, 5, 6, 8, 13, 14, 15, 16, 19, 20, 22, 23, 24, 25, 27, 28, 29, 31, 32, 36, 37, 38, 39, 40, 41, 44, 45, 47, 49, 53, 54, 55, 57, 58, 59, 60, 63, 64, 66, 69, 70, 71, 72, 74, 75, 77, 78, 79, 80, 81, 82, 83, 85, 87, 89, 92, 93, 95, 96]

Run number: 9
Best general solution:
Weight left: 20.0
Value: 7653864
Backpack configuration: [0, 1, 2, 4, 5, 6, 7, 8, 9, 10, 11, 13, 15, 17, 19, 21, 22, 23, 24, 25, 26, 27, 28, 29, 34, 35, 37, 38, 39, 40, 41, 43, 44, 45, 46, 47, 48, 49, 50, 51, 52, 53, 55, 56, 58, 59, 64, 66, 69, 71, 73, 74, 75, 77, 78, 79, 80, 81, 82, 85, 87, 89, 92, 93, 95]

Run number: 10
Best general solution:
Weight left: 5.0
Value: 7653594
Backpack configuration: [0, 1, 2, 4, 5, 6, 7, 8, 9, 10, 11, 13, 16, 18, 19, 20, 22, 24, 25, 26, 28, 29, 32, 33, 35, 36, 39, 40, 41, 43, 44, 46, 47, 49, 52, 53, 55, 58, 59, 60, 62, 63, 64, 65, 66, 68, 69, 70, 71, 74, 75, 77, 78, 79, 80, 81, 82, 84, 85, 89, 91, 92, 93, 95]

Run number: 11
Best general solution:
Weight left: 6.0
Value: 7655792
Backpack configuration: [0, 2, 3, 5, 6, 8, 9, 10, 11, 12, 13, 15, 16, 17, 21, 23, 24, 25, 27, 28, 29, 31, 32, 33, 34, 35, 36, 37, 38, 40, 41, 42, 44, 45, 46, 47, 48, 49, 50, 52, 53, 54, 55, 59, 60, 62, 63, 64, 65, 66, 67, 71, 75, 77, 78, 79, 81, 83, 84, 85, 86, 87, 88, 89, 91, 92, 93, 94, 95, 96]

Run number: 12
Best general solution:
Weight left: 14.0
Value: 7651376
Backpack configuration: [1, 2, 5, 7, 8, 9, 10, 11, 12, 14, 16, 18, 19, 22, 26, 27, 28, 31, 32, 33, 34, 35, 37, 39, 40, 41, 42, 43, 44, 49, 50, 51, 52, 53, 55, 56, 57, 59, 64, 65, 66, 67, 68, 69, 71, 74, 75, 77, 79, 80, 81, 82, 85, 87, 89, 92, 93, 95]

Run number: 13
Best general solution:
Weight left: 3.0
Value: 7654298
Backpack configuration: [1, 2, 3, 5, 6, 7, 8, 9, 10, 11, 12, 13, 14, 16, 20, 22, 23, 24, 25, 26, 27, 28, 31, 35, 36, 38, 39, 40, 41, 42, 45, 46, 47, 49, 51, 52, 54, 57, 58, 60, 63, 64, 66, 68, 69, 70, 71, 72, 73, 74, 75, 77, 78, 79, 80, 81, 85, 86, 87, 89, 91, 92, 93, 95, 96]

Run number: 14
Best general solution:
Weight left: 13.0
Value: 7652478
Backpack configuration: [0, 1, 2, 3, 4, 5, 6, 9, 10, 11, 15, 17, 18, 19, 20, 23, 24, 25, 26, 27, 28, 29, 31, 33, 39, 40, 41, 42, 47, 50, 51, 52, 53, 54, 55, 57, 58, 59, 60, 61, 62, 65, 67, 68, 71, 72, 73, 74, 75, 77, 78, 79, 80, 81, 82, 83, 85, 87, 89, 92, 95]

Run number: 15
Best general solution:
Weight left: 0.0
Value: 7660704
Backpack configuration: [0, 1, 3, 4, 5, 6, 7, 8, 9, 11, 12, 15, 16, 17, 18, 19, 22, 24, 25, 26, 27, 28, 29, 31, 32, 33, 34, 35, 37, 39, 40, 41, 42, 43, 44, 45, 46, 48, 49, 50, 51, 52, 53, 54, 55, 57, 58, 59, 60, 62, 63, 64, 65, 66, 68, 69, 70, 71, 73, 74, 75, 76, 77, 78, 79, 80, 81, 82, 83, 85, 86, 87, 88, 89, 90, 91, 92, 93, 94, 95, 96, 97, 98]

Run number: 16
Best general solution:
Weight left: 1.0
Value: 7660602
Backpack configuration: [0, 1, 2, 3, 4, 5, 6, 7, 8, 9, 10, 11, 12, 13, 14, 16, 17, 18, 19, 20, 21, 22, 23, 24, 26, 28, 29, 31, 32, 33, 34, 35, 38, 39, 40, 42, 43, 44, 45, 46, 47, 48, 49, 50, 52, 53, 54, 55, 57, 58, 59, 60, 64, 65, 66, 68, 69, 70, 71, 73, 74, 75, 76, 77, 78, 81, 82, 83, 84, 85, 86, 87, 88, 89, 90, 91, 92, 93, 94, 95, 96, 97]

Run number: 17
Best general solution:
Weight left: 48.0
Value: 7656108
Backpack configuration: [1, 2, 3, 5, 6, 7, 8, 10, 11, 12, 13, 16, 17, 19, 20, 22, 23, 24, 26, 27, 28, 29, 31, 32, 35, 36, 39, 40, 41, 42, 43, 44, 45, 46, 47, 48, 50, 52, 53, 54, 55, 57, 58, 59, 60, 62, 63, 64, 65, 68, 69, 70, 71, 73, 74, 75, 77, 79, 81, 82, 83, 85, 86, 87, 88, 89, 92, 93, 95, 96]

Run number: 18
Best general solution:
Weight left: 1.0
Value: 7650102
Backpack configuration: [0, 1, 2, 3, 4, 5, 7, 8, 10, 11, 12, 13, 15, 18, 20, 23, 24, 26, 28, 30, 34, 35, 36, 37, 38, 39, 40, 41, 43, 44, 47, 48, 49, 50, 52, 54, 59, 60, 62, 65, 66, 71, 72, 74, 75, 77, 78, 79, 80, 81, 82, 85, 89, 92, 95]

Run number: 19
Best general solution:
Weight left: 17.0
Value: 7658070
Backpack configuration: [0, 1, 2, 3, 4, 5, 6, 7, 8, 9, 10, 11, 12, 13, 14, 15, 17, 18, 19, 20, 22, 23, 24, 25, 27, 28, 29, 31, 32, 33, 35, 36, 38, 40, 41, 43, 44, 45, 46, 47, 48, 49, 50, 52, 53, 55, 57, 58, 62, 63, 64, 65, 66, 67, 68, 70, 71, 73, 74, 75, 76, 77, 79, 80, 81, 82, 83, 84, 85, 86, 87, 89, 91, 92, 95]

Run number: 20
Best general solution:
Weight left: 24.0
Value: 7656456
Backpack configuration: [0, 1, 2, 3, 5, 6, 7, 8, 9, 10, 11, 14, 15, 17, 19, 20, 23, 24, 26, 27, 28, 31, 32, 33, 34, 35, 38, 39, 40, 41, 42, 43, 44, 45, 48, 49, 50, 52, 53, 55, 56, 57, 58, 59, 62, 64, 65, 66, 67, 68, 69, 71, 72, 73, 74, 75, 77, 78, 79, 80, 81, 82, 83, 84, 85, 87, 89, 91, 92, 94, 95]

Run number: 21
Best general solution:
Weight left: 7.0
Value: 7648790
Backpack configuration: [1, 2, 3, 5, 6, 7, 8, 10, 12, 13, 14, 17, 20, 21, 22, 24, 28, 29, 34, 35, 39, 40, 41, 43, 44, 45, 46, 47, 48, 50, 52, 53, 54, 55, 56, 58, 60, 64, 65, 69, 71, 72, 74, 75, 77, 78, 79, 81, 85, 87, 92, 95]

Run number: 22
Best general solution:
Weight left: 50.0
Value: 7655104
Backpack configuration: [0, 2, 3, 4, 5, 6, 11, 12, 14, 15, 17, 18, 19, 22, 24, 25, 26, 27, 28, 29, 31, 32, 33, 37, 39, 41, 42, 43, 45, 46, 47, 48, 49, 50, 51, 52, 53, 55, 56, 57, 59, 60, 64, 65, 66, 68, 71, 73, 74, 75, 77, 78, 79, 80, 81, 82, 83, 84, 85, 87, 88, 89, 90, 91, 92, 94, 95, 96]

Run number: 23
Best general solution:
Weight left: 57.0
Value: 7657590
Backpack configuration: [0, 1, 2, 3, 4, 5, 6, 7, 8, 9, 10, 11, 12, 13, 14, 16, 17, 18, 19, 20, 22, 23, 26, 27, 28, 29, 31, 33, 37, 38, 39, 40, 41, 44, 45, 46, 48, 49, 50, 51, 53, 54, 58, 59, 60, 62, 63, 64, 65, 66, 67, 68, 69, 70, 71, 72, 74, 75, 76, 77, 79, 80, 81, 82, 83, 84, 85, 87, 88, 89, 90, 91, 92, 93, 95]

Run number: 24
Best general solution:
Weight left: 14.0
Value: 7656376
Backpack configuration: [0, 1, 2, 3, 4, 5, 6, 8, 9, 10, 11, 12, 13, 14, 15, 16, 18, 19, 20, 22, 23, 25, 28, 31, 33, 34, 35, 37, 38, 39, 40, 41, 42, 43, 46, 49, 50, 51, 52, 53, 55, 57, 58, 62, 63, 64, 65, 66, 67, 68, 70, 71, 72, 73, 74, 75, 76, 77, 78, 81, 82, 83, 85, 89, 90, 92, 93, 94, 95, 96, 97, 98]

Run number: 25
Best general solution:
Weight left: 5.0
Value: 7655294
Backpack configuration: [1, 2, 3, 4, 5, 7, 8, 9, 10, 11, 12, 15, 17, 19, 21, 22, 23, 24, 26, 27, 28, 32, 33, 34, 36, 37, 39, 40, 43, 44, 45, 47, 48, 49, 52, 54, 55, 57, 58, 60, 62, 63, 65, 66, 68, 69, 70, 71, 72, 74, 75, 77, 78, 79, 80, 81, 82, 83, 84, 85, 86, 87, 89, 92, 93, 95, 96]

Run number: 26
Best general solution:
Weight left: 8.0
Value: 7654688
Backpack configuration: [0, 1, 2, 3, 5, 6, 7, 8, 9, 11, 12, 13, 14, 19, 20, 21, 22, 24, 25, 28, 29, 31, 32, 33, 34, 35, 36, 38, 40, 41, 44, 45, 46, 47, 48, 49, 51, 52, 53, 54, 57, 60, 62, 64, 68, 69, 70, 71, 74, 75, 77, 78, 79, 80, 81, 82, 83, 84, 85, 87, 89, 91, 92, 93, 94, 95, 96]

Run number: 27
Best general solution:
Weight left: 10.0
Value: 7655784
Backpack configuration: [0, 1, 4, 5, 6, 7, 9, 10, 11, 13, 14, 15, 16, 18, 19, 20, 21, 23, 24, 25, 26, 28, 29, 31, 32, 33, 34, 35, 36, 37, 38, 39, 40, 41, 42, 43, 44, 45, 46, 47, 48, 50, 52, 57, 58, 60, 62, 64, 67, 68, 69, 71, 73, 74, 75, 77, 78, 79, 80, 81, 82, 83, 84, 85, 89, 91, 92, 93, 95, 96]

Run number: 28
Best general solution:
Weight left: 12.0
Value: 7655180
Backpack configuration: [0, 1, 2, 3, 4, 5, 6, 7, 8, 9, 10, 11, 12, 13, 14, 16, 17, 19, 20, 23, 24, 25, 26, 27, 28, 29, 32, 33, 34, 35, 36, 37, 39, 40, 41, 42, 43, 45, 46, 47, 49, 50, 52, 53, 54, 57, 63, 64, 66, 69, 70, 71, 73, 74, 75, 77, 78, 79, 80, 81, 82, 83, 85, 86, 87, 89, 92, 95]

Run number: 29
Best general solution:
Weight left: 20.0
Value: 7659764
Backpack configuration: [0, 1, 2, 3, 4, 5, 7, 8, 9, 10, 11, 12, 13, 15, 16, 17, 18, 19, 21, 22, 23, 24, 26, 27, 28, 29, 31, 32, 33, 34, 35, 37, 38, 39, 40, 41, 42, 43, 44, 45, 46, 47, 48, 49, 50, 51, 52, 53, 55, 57, 59, 60, 63, 64, 65, 66, 68, 69, 70, 71, 72, 73, 74, 75, 77, 79, 80, 81, 82, 83, 84, 85, 86, 87, 88, 89, 91, 92, 93, 95]

Run number: 30
Best general solution:
Weight left: 1.0
Value: 7652002
Backpack configuration: [1, 2, 3, 4, 5, 7, 8, 10, 11, 13, 15, 18, 20, 22, 23, 25, 26, 27, 28, 31, 32, 33, 34, 35, 37, 39, 40, 43, 44, 45, 48, 51, 52, 53, 54, 59, 60, 61, 62, 64, 65, 66, 67, 69, 71, 72, 73, 74, 75, 76, 77, 79, 80, 82, 85, 87, 89, 91, 92, 95]

Run number: 1
Best general solution:
Weight left: 7.0
Value: 7655590
Backpack configuration: [0, 1, 2, 5, 6, 7, 8, 9, 10, 11, 16, 17, 18, 19, 20, 21, 22, 23, 24, 25, 26, 28, 29, 35, 36, 37, 38, 39, 40, 41, 44, 45, 46, 47, 48, 49, 52, 53, 55, 57, 59, 60, 62, 63, 64, 65, 66, 68, 69, 71, 72, 74, 75, 77, 78, 79, 80, 81, 82, 83, 85, 86, 87, 89, 91, 92, 94, 95]

Run number: 2
Best general solution:
Weight left: 27.0
Value: 7651850
Backpack configuration: [1, 2, 3, 5, 6, 8, 10, 11, 12, 13, 14, 15, 16, 20, 21, 22, 23, 24, 25, 28, 29, 31, 33, 34, 35, 36, 37, 38, 40, 43, 45, 47, 48, 49, 51, 52, 53, 54, 55, 57, 58, 59, 60, 63, 64, 66, 68, 69, 71, 74, 75, 77, 79, 80, 85, 87, 89, 92, 95]

Run number: 3
Best general solution:
Weight left: 103.0
Value: 7656598
Backpack configuration: [0, 1, 2, 3, 4, 5, 6, 7, 8, 9, 10, 11, 12, 13, 14, 15, 16, 17, 18, 19, 21, 22, 23, 24, 25, 26, 27, 28, 29, 32, 35, 37, 39, 40, 41, 42, 44, 45, 47, 48, 50, 51, 53, 54, 55, 57, 58, 59, 60, 64, 66, 68, 69, 70, 71, 72, 73, 74, 75, 77, 78, 79, 81, 82, 83, 85, 86, 87, 89, 92, 93, 95]

Run number: 4
Best general solution:
Weight left: 17.0
Value: 7651170
Backpack configuration: [0, 1, 2, 3, 4, 5, 6, 7, 10, 11, 12, 13, 14, 15, 16, 17, 23, 24, 27, 28, 29, 33, 35, 39, 40, 41, 42, 46, 48, 49, 51, 52, 54, 55, 57, 58, 61, 64, 65, 66, 68, 69, 71, 73, 74, 75, 77, 78, 79, 80, 81, 85, 86, 89, 91, 92, 94, 95]

Run number: 5
Best general solution:
Weight left: 3.0
Value: 7656798
Backpack configuration: [0, 1, 2, 3, 4, 5, 6, 7, 8, 9, 10, 13, 14, 15, 16, 18, 19, 20, 22, 24, 26, 28, 29, 31, 32, 33, 34, 36, 37, 38, 39, 40, 41, 42, 43, 44, 46, 48, 50, 51, 53, 54, 55, 57, 58, 60, 63, 64, 65, 66, 67, 68, 70, 71, 72, 73, 74, 75, 77, 78, 79, 80, 82, 83, 85, 86, 87, 88, 89, 92, 95, 96]

Run number: 6
Best general solution:
Weight left: 79.0
Value: 7653746
Backpack configuration: [0, 1, 2, 3, 4, 5, 6, 7, 8, 9, 10, 11, 12, 13, 16, 17, 18, 20, 22, 25, 28, 32, 33, 35, 36, 39, 40, 44, 45, 46, 47, 49, 50, 51, 52, 53, 54, 55, 60, 62, 63, 64, 65, 66, 67, 69, 70, 71, 72, 73, 74, 75, 77, 78, 79, 80, 81, 82, 83, 85, 86, 87, 89, 92, 95]

Run number: 7
Best general solution:
Weight left: 36.0
Value: 7653332
Backpack configuration: [0, 1, 2, 4, 5, 6, 7, 8, 9, 10, 11, 13, 15, 16, 17, 19, 23, 24, 26, 27, 28, 29, 31, 32, 33, 35, 37, 39, 40, 41, 43, 45, 46, 48, 49, 50, 53, 54, 57, 58, 61, 62, 64, 65, 66, 67, 71, 72, 73, 74, 75, 77, 79, 80, 81, 82, 83, 84, 85, 87, 89, 92, 95, 96]

Run number: 8
Best general solution:
Weight left: 7.0
Value: 7648990
Backpack configuration: [0, 1, 2, 3, 4, 5, 6, 7, 8, 9, 11, 15, 17, 18, 19, 22, 23, 24, 25, 28, 33, 34, 37, 39, 40, 42, 44, 48, 49, 54, 56, 57, 58, 59, 64, 65, 66, 68, 70, 71, 72, 74, 75, 77, 78, 79, 80, 81, 85, 92, 93, 95]

Run number: 9
Best general solution:
Weight left: 4.0
Value: 7657096
Backpack configuration: [0, 1, 2, 3, 4, 5, 6, 7, 10, 11, 12, 13, 14, 16, 17, 18, 19, 20, 22, 26, 28, 29, 32, 33, 35, 36, 37, 39, 40, 41, 42, 44, 45, 46, 47, 48, 49, 50, 51, 54, 55, 57, 58, 59, 60, 62, 64, 65, 67, 68, 69, 70, 71, 73, 74, 75, 77, 78, 79, 80, 81, 82, 83, 84, 85, 86, 89, 90, 91, 92, 94, 95, 96]

Run number: 10
Best general solution:
Weight left: 4.0
Value: 7654296
Backpack configuration: [0, 1, 2, 3, 4, 5, 6, 7, 8, 9, 10, 11, 12, 13, 14, 16, 18, 21, 22, 23, 24, 26, 27, 28, 31, 32, 33, 34, 35, 38, 39, 40, 41, 43, 45, 48, 49, 50, 52, 53, 55, 57, 60, 63, 65, 67, 68, 69, 70, 71, 72, 73, 74, 75, 77, 79, 81, 82, 83, 85, 86, 87, 91, 92, 95]

Run number: 11
Best general solution:
Weight left: 20.0
Value: 7658164
Backpack configuration: [0, 1, 2, 3, 5, 6, 7, 9, 10, 11, 12, 13, 15, 16, 17, 18, 19, 20, 21, 22, 24, 25, 26, 28, 29, 32, 35, 36, 37, 38, 39, 40, 41, 42, 44, 45, 46, 48, 49, 50, 51, 52, 53, 54, 55, 57, 58, 59, 64, 65, 68, 69, 70, 71, 73, 74, 75, 76, 77, 78, 79, 80, 82, 83, 84, 85, 86, 87, 89, 90, 91, 92, 93, 95, 96, 97]

Run number: 12
Best general solution:
Weight left: 18.0
Value: 7660868
Backpack configuration: [0, 1, 2, 3, 4, 5, 6, 7, 8, 9, 10, 11, 12, 13, 14, 15, 16, 17, 18, 19, 20, 22, 23, 24, 25, 26, 27, 28, 31, 34, 35, 36, 38, 39, 40, 41, 42, 45, 46, 47, 48, 49, 50, 51, 52, 53, 54, 55, 58, 60, 62, 63, 64, 66, 67, 68, 69, 71, 72, 73, 74, 75, 77, 79, 80, 81, 82, 83, 84, 85, 86, 87, 88, 89, 90, 91, 92, 93, 94, 95, 96, 97, 98]

Run number: 13
Best general solution:
Weight left: 17.0
Value: 7652370
Backpack configuration: [1, 2, 3, 5, 6, 7, 8, 10, 11, 12, 13, 14, 15, 19, 21, 22, 24, 25, 27, 28, 32, 33, 34, 36, 37, 39, 40, 41, 42, 43, 44, 45, 47, 48, 50, 53, 54, 55, 60, 62, 65, 66, 67, 69, 70, 71, 73, 74, 75, 77, 78, 79, 80, 82, 85, 87, 89, 91, 92, 95]

Run number: 14
Best general solution:
Weight left: 110.0
Value: 7654884
Backpack configuration: [0, 1, 2, 3, 5, 6, 7, 8, 9, 10, 12, 13, 14, 15, 16, 18, 19, 20, 21, 23, 24, 26, 28, 29, 31, 38, 39, 40, 43, 45, 46, 47, 48, 49, 50, 51, 52, 53, 54, 55, 57, 58, 59, 60, 63, 64, 65, 68, 69, 70, 71, 72, 73, 74, 75, 77, 79, 82, 84, 85, 86, 87, 89, 91, 92, 95, 96]

Run number: 15
Best general solution:
Weight left: 4.0
Value: 7658096
Backpack configuration: [0, 1, 2, 4, 5, 6, 7, 8, 9, 10, 11, 12, 14, 15, 17, 18, 19, 21, 22, 23, 24, 25, 26, 27, 28, 29, 31, 34, 35, 36, 37, 38, 39, 40, 41, 43, 44, 45, 46, 48, 49, 50, 51, 52, 54, 55, 58, 60, 62, 63, 64, 65, 66, 68, 71, 72, 74, 76, 77, 78, 79, 80, 81, 82, 83, 85, 86, 87, 89, 90, 91, 92, 93, 94, 95]

Run number: 16
Best general solution:
Weight left: 16.0
Value: 7655172
Backpack configuration: [0, 1, 2, 3, 4, 5, 6, 7, 10, 11, 12, 13, 14, 15, 16, 17, 18, 20, 22, 23, 25, 26, 27, 28, 31, 32, 33, 37, 38, 39, 40, 41, 45, 46, 50, 53, 55, 57, 58, 59, 62, 63, 64, 66, 67, 69, 70, 71, 73, 74, 75, 76, 77, 79, 81, 82, 83, 84, 85, 86, 88, 89, 90, 91, 92, 93, 95, 96]

Run number: 17
Best general solution:
Weight left: 15.0
Value: 7658074
Backpack configuration: [0, 1, 2, 3, 4, 5, 7, 8, 9, 11, 12, 13, 15, 16, 18, 20, 22, 24, 25, 26, 27, 28, 29, 31, 32, 33, 36, 37, 38, 39, 40, 41, 42, 43, 44, 45, 46, 47, 48, 49, 50, 51, 52, 53, 55, 58, 62, 63, 64, 65, 66, 68, 69, 70, 71, 72, 73, 74, 75, 78, 79, 80, 82, 83, 84, 85, 86, 87, 88, 89, 90, 91, 92, 93, 94, 95, 96]

Run number: 18
Best general solution:
Weight left: 4.0
Value: 7653296
Backpack configuration: [0, 1, 2, 4, 5, 6, 7, 9, 10, 11, 12, 13, 14, 16, 17, 18, 19, 20, 21, 28, 29, 31, 32, 33, 34, 36, 37, 39, 41, 43, 44, 45, 46, 47, 49, 50, 51, 53, 54, 55, 59, 62, 63, 64, 65, 66, 67, 68, 69, 71, 72, 74, 75, 77, 78, 79, 81, 82, 85, 92, 93, 94, 95]

Run number: 19
Best general solution:
Weight left: 29.0
Value: 7658346
Backpack configuration: [0, 1, 2, 3, 4, 5, 6, 7, 8, 9, 10, 11, 13, 15, 16, 18, 19, 20, 21, 23, 24, 25, 26, 28, 29, 31, 32, 33, 34, 35, 36, 37, 38, 39, 40, 41, 42, 43, 45, 46, 47, 48, 50, 52, 53, 54, 55, 57, 58, 59, 62, 63, 64, 65, 66, 67, 68, 71, 72, 73, 74, 75, 76, 77, 79, 80, 81, 83, 84, 85, 86, 87, 89, 91, 92, 95]

Run number: 20
Best general solution:
Weight left: 0.0
Value: 7652504
Backpack configuration: [0, 1, 2, 3, 4, 5, 6, 7, 8, 9, 10, 11, 12, 13, 16, 17, 18, 20, 21, 22, 23, 24, 25, 26, 27, 28, 31, 32, 35, 38, 39, 40, 41, 44, 45, 47, 48, 49, 53, 57, 58, 59, 62, 63, 64, 65, 69, 70, 71, 72, 74, 75, 77, 78, 79, 80, 81, 85, 89, 92, 95]

Run number: 21
Best general solution:
Weight left: 0.0
Value: 7654604
Backpack configuration: [0, 1, 2, 4, 5, 6, 7, 8, 10, 12, 13, 14, 16, 17, 19, 20, 22, 23, 24, 26, 27, 28, 29, 31, 33, 35, 36, 37, 38, 39, 40, 41, 42, 43, 44, 45, 47, 49, 50, 53, 55, 58, 59, 60, 62, 64, 67, 68, 69, 70, 71, 72, 74, 75, 77, 78, 79, 80, 85, 87, 89, 91, 92, 94, 95, 96]

Run number: 22
Best general solution:
Weight left: 3.0
Value: 7655998
Backpack configuration: [1, 2, 3, 5, 7, 9, 10, 13, 15, 17, 19, 20, 21, 24, 26, 27, 28, 29, 31, 32, 33, 34, 36, 37, 38, 39, 40, 41, 42, 44, 47, 49, 50, 51, 52, 53, 54, 55, 57, 58, 59, 62, 63, 64, 66, 67, 68, 69, 70, 71, 72, 73, 74, 75, 77, 78, 81, 83, 84, 85, 86, 87, 88, 90, 91, 92, 93, 95, 96, 99]

Run number: 23
Best general solution:
Weight left: 4.0
Value: 7656596
Backpack configuration: [0, 1, 2, 3, 4, 5, 6, 7, 8, 9, 10, 11, 12, 13, 14, 15, 16, 17, 18, 19, 20, 22, 23, 28, 31, 33, 34, 35, 36, 37, 38, 39, 40, 41, 42, 44, 45, 46, 47, 48, 49, 50, 52, 53, 55, 57, 58, 59, 63, 64, 67, 68, 69, 70, 71, 73, 74, 77, 78, 79, 80, 82, 83, 85, 87, 88, 89, 90, 91, 92, 95, 96]

Run number: 24
Best general solution:
Weight left: 7.0
Value: 7654390
Backpack configuration: [0, 1, 2, 3, 4, 5, 7, 8, 9, 10, 11, 12, 15, 18, 21, 22, 24, 25, 26, 27, 28, 29, 31, 32, 35, 36, 39, 40, 41, 42, 43, 46, 47, 49, 52, 53, 54, 55, 57, 59, 62, 63, 64, 65, 66, 67, 69, 70, 71, 72, 73, 74, 75, 77, 78, 79, 80, 81, 82, 83, 85, 87, 89, 91, 92, 95]

Run number: 25
Best general solution:
Weight left: 8.0
Value: 7652788
Backpack configuration: [0, 1, 4, 5, 6, 7, 9, 10, 12, 14, 15, 17, 18, 19, 20, 23, 28, 29, 32, 33, 34, 37, 38, 39, 40, 41, 42, 43, 45, 46, 47, 49, 50, 51, 52, 53, 54, 56, 58, 62, 64, 66, 67, 68, 69, 71, 72, 73, 75, 76, 77, 78, 81, 82, 83, 84, 85, 88, 89, 92, 94, 95, 97, 98]

Run number: 26
Best general solution:
Weight left: 2.0
Value: 7655400
Backpack configuration: [0, 1, 2, 3, 5, 6, 7, 8, 9, 10, 11, 12, 13, 14, 16, 17, 18, 19, 20, 21, 23, 24, 26, 28, 29, 33, 34, 35, 36, 37, 38, 39, 40, 43, 44, 45, 46, 47, 48, 50, 52, 53, 55, 57, 62, 63, 64, 66, 67, 68, 69, 71, 72, 74, 75, 77, 78, 79, 80, 81, 82, 85, 87, 89, 91, 92, 94, 95]

Run number: 27
Best general solution:
Weight left: 0.0
Value: 7658404
Backpack configuration: [0, 1, 2, 3, 4, 5, 6, 7, 8, 10, 11, 12, 13, 14, 15, 16, 18, 19, 20, 21, 22, 23, 25, 26, 28, 32, 37, 38, 39, 40, 41, 44, 45, 46, 47, 49, 50, 51, 52, 53, 54, 57, 58, 59, 60, 62, 63, 64, 65, 66, 67, 68, 69, 71, 72, 73, 74, 75, 76, 77, 78, 79, 80, 82, 83, 85, 86, 88, 89, 90, 91, 92, 93, 94, 95, 96]

Run number: 28
Best general solution:
Weight left: 11.0
Value: 7659782
Backpack configuration: [0, 1, 2, 3, 4, 5, 6, 7, 8, 9, 10, 11, 12, 14, 16, 17, 18, 19, 20, 21, 22, 23, 24, 26, 28, 29, 31, 32, 34, 35, 37, 38, 39, 40, 41, 42, 43, 44, 45, 46, 49, 50, 51, 52, 53, 55, 57, 58, 59, 60, 62, 63, 64, 65, 66, 69, 71, 72, 73, 74, 75, 76, 77, 78, 79, 80, 82, 83, 85, 86, 87, 88, 91, 92, 93, 94, 95, 96, 97, 98]

Run number: 29
Best general solution:
Weight left: 12.0
Value: 7650580
Backpack configuration: [0, 2, 3, 4, 5, 6, 7, 8, 9, 10, 11, 12, 18, 19, 28, 32, 33, 35, 36, 38, 40, 43, 44, 45, 46, 47, 48, 49, 50, 51, 52, 53, 54, 55, 58, 59, 60, 61, 62, 64, 65, 66, 67, 71, 74, 75, 77, 78, 79, 80, 81, 85, 86, 89, 92, 95]

Run number: 30
Best general solution:
Weight left: 56.0
Value: 7654792
Backpack configuration: [0, 1, 2, 3, 4, 5, 6, 7, 8, 9, 10, 11, 12, 13, 15, 16, 17, 21, 23, 24, 25, 26, 28, 29, 32, 33, 34, 35, 36, 37, 38, 39, 40, 41, 43, 44, 45, 46, 47, 52, 54, 55, 57, 59, 60, 62, 63, 64, 65, 67, 69, 71, 72, 73, 74, 75, 77, 78, 79, 80, 82, 84, 85, 89, 92, 95, 99]