

Run number: 1
Best general solution:
Weight left: 38.0
Value: 7658628
Backpack configuration: [0, 1, 2, 3, 4, 5, 6, 7, 8, 9, 10, 11, 13, 14, 15, 16, 17, 18, 19, 20, 21, 22, 23, 24, 25, 26, 28, 29, 32, 34, 35, 36, 37, 38, 39, 41, 42, 44, 45, 46, 47, 48, 49, 50, 51, 52, 53, 54, 57, 58, 59, 62, 65, 66, 67, 71, 72, 73, 74, 75, 77, 78, 79, 80, 81, 82, 83, 84, 85, 86, 87, 89, 91, 92, 93, 95, 96]

Run number: 2
Best general solution:
Weight left: 1.0
Value: 7654802
Backpack configuration: [1, 2, 3, 4, 5, 6, 7, 9, 10, 12, 13, 14, 15, 16, 17, 19, 22, 23, 24, 27, 28, 29, 31, 32, 33, 34, 35, 38, 39, 40, 41, 42, 43, 45, 49, 50, 51, 52, 54, 55, 57, 58, 59, 60, 62, 63, 64, 65, 67, 68, 69, 70, 71, 74, 75, 77, 78, 79, 80, 81, 82, 85, 87, 89, 92, 95]

Run number: 3
Best general solution:
Weight left: 1.0
Value: 7659002
Backpack configuration: [0, 1, 2, 3, 4, 5, 7, 8, 9, 10, 11, 12, 13, 15, 16, 17, 18, 19, 20, 21, 22, 24, 25, 26, 27, 28, 29, 33, 34, 35, 36, 37, 38, 39, 40, 43, 44, 45, 46, 47, 49, 50, 51, 52, 54, 57, 58, 62, 63, 65, 66, 69, 71, 72, 73, 74, 75, 76, 77, 78, 79, 80, 81, 82, 83, 84, 85, 86, 87, 88, 89, 90, 91, 92, 93, 94, 95, 96]

Run number: 4
Best general solution:
Weight left: 2.0
Value: 7657100
Backpack configuration: [0, 1, 2, 3, 4, 5, 6, 7, 8, 9, 10, 11, 12, 13, 14, 18, 19, 22, 23, 26, 27, 28, 29, 31, 32, 33, 34, 35, 38, 39, 40, 42, 45, 46, 47, 50, 51, 52, 54, 55, 56, 58, 60, 62, 64, 65, 66, 68, 69, 71, 73, 74, 75, 77, 78, 79, 80, 81, 82, 83, 84, 85, 86, 87, 88, 89, 90, 91, 92, 93, 94, 95, 96]

Run number: 5
Best general solution:
Weight left: 8.0
Value: 7652688
Backpack configuration: [0, 1, 2, 3, 5, 6, 7, 8, 9, 10, 11, 12, 13, 14, 15, 16, 19, 20, 21, 22, 23, 24, 25, 26, 27, 28, 29, 31, 32, 35, 38, 39, 40, 41, 43, 45, 48, 50, 53, 54, 57, 59, 63, 65, 66, 69, 70, 71, 74, 75, 77, 78, 79, 81, 82, 85, 87, 89, 92, 93, 95]

Run number: 6
Best general solution:
Weight left: 86.0
Value: 7656932
Backpack configuration: [0, 1, 2, 3, 4, 5, 6, 7, 8, 9, 10, 11, 12, 13, 14, 16, 17, 19, 20, 22, 23, 24, 27, 28, 31, 32, 33, 35, 36, 37, 38, 39, 40, 41, 42, 43, 44, 45, 46, 47, 48, 49, 52, 54, 57, 58, 60, 63, 64, 66, 69, 70, 71, 72, 74, 75, 77, 78, 79, 81, 82, 83, 84, 85, 86, 87, 89, 91, 92, 93, 94, 95, 96]

Run number: 7
Best general solution:
Weight left: 5.0
Value: 7656094
Backpack configuration: [0, 1, 2, 3, 4, 5, 6, 7, 8, 10, 12, 13, 14, 15, 16, 17, 19, 20, 21, 24, 27, 28, 29, 32, 33, 35, 36, 37, 39, 40, 41, 42, 43, 44, 45, 46, 48, 49, 50, 52, 53, 55, 57, 58, 59, 64, 67, 70, 71, 72, 73, 74, 75, 77, 78, 80, 81, 82, 83, 84, 85, 86, 87, 88, 89, 90, 91, 92, 93, 95, 96]

Run number: 8
Best general solution:
Weight left: 43.0
Value: 7652718
Backpack configuration: [0, 1, 2, 3, 4, 5, 6, 7, 8, 9, 10, 11, 12, 13, 15, 17, 18, 19, 20, 22, 23, 25, 26, 27, 28, 29, 30, 31, 32, 33, 36, 39, 41, 43, 45, 52, 54, 57, 58, 59, 64, 66, 67, 69, 71, 72, 74, 75, 77, 78, 79, 81, 82, 83, 85, 87, 89, 91, 92, 93, 95, 96]

Run number: 9
Best general solution:
Weight left: 8.0
Value: 7656788
Backpack configuration: [1, 2, 3, 4, 5, 6, 7, 8, 9, 10, 11, 12, 13, 15, 16, 17, 19, 22, 23, 24, 26, 28, 29, 31, 32, 33, 34, 36, 37, 39, 40, 41, 42, 43, 45, 46, 47, 50, 52, 53, 54, 55, 57, 58, 59, 60, 62, 63, 64, 65, 70, 71, 72, 73, 74, 75, 77, 78, 79, 80, 81, 82, 83, 84, 85, 86, 89, 91, 92, 93, 94, 95]

Run number: 10
Best general solution:
Weight left: 19.0
Value: 7655866
Backpack configuration: [0, 1, 2, 3, 4, 5, 6, 8, 9, 10, 11, 13, 14, 16, 17, 18, 20, 22, 23, 24, 27, 28, 29, 31, 34, 36, 38, 39, 40, 42, 43, 44, 47, 48, 49, 50, 52, 53, 54, 58, 59, 60, 62, 64, 65, 66, 67, 68, 70, 71, 73, 74, 75, 77, 78, 79, 80, 81, 82, 85, 86, 87, 88, 89, 91, 92, 94, 95, 96]

Run number: 11
Best general solution:
Weight left: 20.0
Value: 7657164
Backpack configuration: [0, 1, 2, 3, 4, 5, 6, 7, 8, 9, 10, 11, 12, 14, 15, 16, 18, 20, 21, 22, 23, 24, 25, 27, 28, 29, 31, 32, 33, 35, 36, 37, 38, 39, 40, 41, 42, 43, 44, 45, 47, 48, 49, 50, 51, 52, 53, 54, 57, 58, 60, 62, 64, 65, 66, 69, 71, 73, 74, 75, 77, 78, 79, 80, 81, 82, 85, 87, 89, 91, 92, 93, 94, 95]

Run number: 12
Best general solution:
Weight left: 16.0
Value: 7655772
Backpack configuration: [0, 1, 2, 3, 5, 6, 7, 8, 9, 10, 12, 13, 17, 18, 19, 22, 23, 24, 27, 28, 30, 33, 34, 35, 36, 37, 38, 39, 40, 41, 42, 43, 44, 48, 49, 50, 52, 53, 55, 58, 59, 60, 64, 65, 66, 67, 69, 71, 72, 73, 74, 75, 77, 78, 79, 80, 81, 83, 84, 85, 86, 87, 88, 89, 90, 91, 92, 94, 95, 96]

Run number: 13
Best general solution:
Weight left: 7.0
Value: 7657090
Backpack configuration: [0, 1, 2, 3, 5, 6, 7, 8, 9, 10, 11, 13, 15, 16, 17, 18, 19, 20, 22, 24, 26, 27, 28, 29, 31, 32, 33, 34, 35, 36, 37, 38, 39, 40, 41, 42, 45, 46, 47, 48, 49, 50, 51, 52, 53, 54, 55, 57, 58, 59, 62, 63, 66, 67, 68, 69, 70, 71, 72, 73, 74, 75, 77, 78, 79, 80, 82, 85, 87, 89, 91, 92, 95]

Run number: 14
Best general solution:
Weight left: 2.0
Value: 7654700
Backpack configuration: [0, 1, 2, 3, 4, 5, 6, 7, 8, 9, 10, 11, 12, 13, 14, 15, 16, 21, 24, 25, 27, 28, 29, 31, 32, 33, 34, 37, 39, 40, 41, 43, 44, 45, 46, 47, 48, 50, 52, 53, 54, 58, 59, 63, 64, 66, 67, 68, 69, 70, 71, 72, 74, 75, 77, 78, 79, 80, 81, 82, 85, 87, 89, 91, 92, 95, 96]

Run number: 15
Best general solution:
Weight left: 1.0
Value: 7656302
Backpack configuration: [0, 1, 2, 3, 4, 5, 6, 7, 8, 9, 10, 11, 13, 15, 18, 19, 20, 21, 22, 23, 24, 27, 28, 33, 34, 35, 36, 39, 41, 42, 43, 44, 45, 46, 48, 49, 50, 52, 53, 54, 55, 57, 60, 62, 63, 64, 65, 66, 67, 69, 70, 71, 72, 74, 75, 77, 78, 79, 80, 81, 82, 83, 84, 85, 88, 89, 91, 92, 93, 94, 95]

Run number: 16
Best general solution:
Weight left: 53.0
Value: 7657798
Backpack configuration: [0, 1, 2, 3, 4, 5, 6, 7, 8, 9, 10, 11, 12, 13, 14, 15, 16, 17, 18, 19, 20, 23, 24, 25, 26, 27, 28, 31, 33, 34, 35, 38, 39, 40, 41, 43, 44, 46, 47, 48, 49, 50, 52, 53, 57, 58, 59, 62, 63, 64, 65, 66, 67, 68, 70, 71, 72, 73, 74, 75, 77, 78, 79, 80, 81, 82, 83, 84, 85, 87, 89, 91, 92, 94, 95]

Run number: 17
Best general solution:
Weight left: 7.0
Value: 7658090
Backpack configuration: [0, 1, 2, 3, 4, 5, 6, 7, 8, 9, 10, 11, 12, 13, 14, 16, 17, 18, 19, 24, 26, 27, 28, 29, 31, 32, 34, 36, 38, 39, 40, 41, 42, 43, 44, 45, 46, 47, 48, 49, 50, 51, 52, 53, 54, 55, 58, 60, 63, 64, 65, 66, 67, 68, 69, 70, 71, 72, 74, 75, 77, 78, 79, 80, 82, 83, 84, 85, 86, 87, 89, 91, 92, 94, 95]

Run number: 18
Best general solution:
Weight left: 6.0
Value: 7650892
Backpack configuration: [0, 1, 2, 3, 5, 6, 9, 12, 14, 16, 17, 19, 21, 24, 25, 26, 27, 28, 29, 31, 32, 35, 36, 37, 39, 40, 43, 44, 45, 46, 47, 50, 51, 52, 53, 55, 58, 62, 63, 64, 67, 68, 71, 74, 75, 77, 78, 79, 80, 81, 82, 85, 87, 89, 91, 92, 95]

Run number: 19
Best general solution:
Weight left: 1.0
Value: 7655002
Backpack configuration: [0, 1, 2, 5, 6, 7, 8, 9, 10, 11, 12, 13, 14, 16, 18, 19, 22, 23, 24, 25, 26, 28, 29, 33, 34, 35, 37, 39, 41, 42, 44, 46, 47, 48, 49, 50, 51, 52, 53, 58, 60, 62, 63, 64, 66, 67, 68, 69, 70, 71, 72, 74, 75, 76, 77, 78, 79, 81, 82, 83, 84, 85, 87, 89, 90, 92, 95, 96]

Run number: 20
Best general solution:
Weight left: 3.0
Value: 7654498
Backpack configuration: [1, 2, 3, 4, 5, 6, 7, 8, 9, 10, 11, 12, 13, 18, 19, 20, 22, 23, 24, 25, 28, 29, 30, 32, 33, 34, 35, 37, 38, 39, 40, 41, 43, 44, 45, 46, 47, 48, 49, 50, 53, 55, 58, 59, 60, 63, 64, 65, 66, 68, 69, 71, 72, 73, 74, 75, 77, 78, 79, 80, 81, 82, 85, 87, 92, 93, 95]

Run number: 21
Best general solution:
Weight left: 34.0
Value: 7659036
Backpack configuration: [0, 1, 2, 3, 4, 5, 6, 7, 8, 9, 10, 11, 13, 14, 15, 16, 17, 18, 19, 21, 22, 23, 24, 27, 28, 29, 31, 32, 33, 34, 35, 38, 39, 40, 41, 42, 43, 45, 47, 48, 49, 50, 51, 52, 53, 55, 57, 58, 59, 60, 64, 66, 67, 68, 69, 70, 71, 73, 74, 75, 76, 77, 79, 80, 81, 82, 83, 84, 85, 86, 87, 89, 91, 92, 94, 95, 96]

Run number: 22
Best general solution:
Weight left: 7.0
Value: 7655690
Backpack configuration: [0, 1, 2, 3, 4, 5, 6, 7, 8, 9, 10, 13, 15, 17, 18, 21, 22, 24, 25, 26, 27, 28, 31, 32, 33, 34, 36, 37, 38, 40, 41, 42, 43, 44, 45, 47, 50, 51, 52, 54, 55, 58, 59, 60, 63, 64, 66, 67, 70, 71, 72, 73, 74, 75, 77, 78, 79, 80, 81, 82, 83, 85, 87, 89, 91, 92, 93, 95, 96]

Run number: 23
Best general solution:
Weight left: 0.0
Value: 7658204
Backpack configuration: [0, 1, 2, 3, 4, 5, 6, 7, 8, 9, 10, 11, 12, 13, 15, 16, 17, 18, 19, 21, 22, 23, 24, 25, 26, 27, 28, 31, 32, 33, 34, 35, 37, 38, 39, 40, 41, 42, 43, 44, 45, 46, 47, 48, 49, 50, 53, 55, 57, 58, 60, 63, 65, 66, 70, 71, 72, 73, 74, 75, 77, 78, 79, 80, 81, 82, 83, 85, 86, 87, 89, 91, 92, 93, 94, 95]

Run number: 24
Best general solution:
Weight left: 4.0
Value: 7654996
Backpack configuration: [1, 2, 3, 4, 5, 6, 7, 8, 9, 10, 11, 12, 13, 14, 15, 16, 17, 18, 19, 20, 21, 22, 23, 24, 25, 26, 27, 28, 29, 38, 39, 40, 42, 43, 45, 47, 48, 49, 50, 52, 53, 57, 58, 59, 60, 65, 66, 68, 69, 70, 71, 74, 75, 77, 78, 79, 82, 83, 85, 87, 89, 91, 92, 94, 95, 96]

Run number: 25
Best general solution:
Weight left: 2.0
Value: 7657100
Backpack configuration: [0, 1, 2, 3, 4, 5, 6, 7, 8, 9, 10, 12, 13, 14, 15, 16, 17, 18, 19, 20, 21, 22, 23, 24, 25, 26, 28, 29, 33, 34, 36, 37, 39, 40, 41, 42, 44, 45, 46, 47, 48, 49, 52, 53, 54, 55, 57, 58, 59, 62, 66, 67, 68, 69, 71, 72, 73, 74, 75, 77, 78, 79, 81, 82, 83, 85, 86, 87, 89, 91, 92, 94, 95]

Run number: 26
Best general solution:
Weight left: 2.0
Value: 7650700
Backpack configuration: [0, 1, 2, 3, 4, 5, 6, 7, 8, 10, 11, 12, 13, 14, 16, 17, 20, 22, 24, 28, 29, 30, 34, 35, 37, 39, 40, 41, 42, 43, 45, 48, 50, 51, 52, 53, 54, 58, 64, 65, 66, 68, 71, 72, 74, 75, 77, 78, 79, 81, 82, 85, 87, 89, 91, 92, 95]

Run number: 27
Best general solution:
Weight left: 2.0
Value: 7657000
Backpack configuration: [0, 1, 2, 3, 4, 5, 6, 7, 8, 9, 10, 13, 14, 17, 18, 19, 21, 22, 23, 24, 25, 26, 27, 28, 31, 32, 33, 35, 36, 37, 38, 39, 40, 41, 43, 45, 46, 47, 48, 49, 50, 51, 52, 53, 57, 58, 59, 60, 62, 63, 64, 65, 68, 69, 71, 72, 74, 75, 77, 78, 80, 81, 82, 83, 84, 85, 87, 89, 90, 92, 94, 95]

Run number: 28
Best general solution:
Weight left: 9.0
Value: 7658186
Backpack configuration: [0, 1, 2, 4, 5, 6, 7, 8, 9, 10, 12, 13, 15, 16, 17, 18, 19, 20, 22, 23, 24, 25, 27, 28, 29, 31, 32, 35, 36, 37, 38, 39, 40, 41, 42, 43, 44, 45, 47, 48, 49, 50, 51, 52, 53, 54, 55, 58, 59, 60, 62, 64, 65, 67, 68, 69, 70, 71, 72, 73, 74, 75, 76, 77, 78, 79, 80, 81, 82, 83, 85, 87, 89, 92, 94, 95]

Run number: 29
Best general solution:
Weight left: 8.0
Value: 7658088
Backpack configuration: [0, 1, 2, 3, 4, 5, 6, 7, 8, 10, 11, 13, 14, 16, 17, 18, 19, 20, 21, 22, 23, 24, 25, 26, 28, 29, 31, 33, 34, 36, 37, 38, 39, 40, 41, 42, 43, 44, 45, 46, 47, 48, 49, 50, 52, 53, 54, 55, 57, 58, 59, 62, 64, 65, 66, 71, 72, 73, 74, 75, 77, 78, 79, 80, 81, 82, 83, 84, 85, 86, 87, 89, 91, 92, 95]

Run number: 30
Best general solution:
Weight left: 0.0
Value: 7654704
Backpack configuration: [0, 2, 3, 5, 6, 7, 9, 10, 11, 12, 13, 20, 21, 22, 23, 24, 27, 28, 29, 31, 32, 34, 35, 36, 37, 38, 39, 40, 41, 42, 43, 44, 45, 48, 49, 50, 51, 52, 53, 54, 58, 60, 62, 63, 64, 65, 67, 68, 69, 70, 71, 72, 73, 74, 75, 76, 77, 78, 79, 80, 81, 82, 85, 89, 91, 92, 95]