

Run number: 1
Best general solution:
Weight left: 2.0
Value: 7652300
Backpack configuration: [0, 2, 3, 4, 5, 7, 8, 9, 10, 12, 13, 22, 23, 24, 26, 28, 29, 32, 33, 34, 35, 36, 38, 39, 40, 41, 42, 44, 45, 46, 47, 48, 49, 50, 51, 52, 53, 54, 55, 56, 57, 60, 63, 64, 65, 66, 69, 71, 72, 74, 75, 77, 78, 79, 80, 81, 85, 89, 92, 93, 95]

Run number: 2
Best general solution:
Weight left: 2.0
Value: 7654000
Backpack configuration: [0, 1, 2, 3, 4, 5, 6, 7, 8, 10, 11, 13, 14, 15, 16, 17, 18, 19, 20, 21, 22, 23, 24, 25, 26, 27, 28, 31, 35, 36, 37, 38, 39, 40, 43, 44, 45, 46, 47, 48, 49, 50, 53, 57, 58, 60, 62, 64, 65, 66, 68, 69, 71, 74, 75, 77, 79, 81, 85, 87, 89, 92, 93, 95]

Run number: 3
Best general solution:
Weight left: 11.0
Value: 7649782
Backpack configuration: [0, 1, 2, 3, 4, 5, 6, 7, 8, 9, 11, 13, 15, 19, 20, 21, 23, 24, 26, 27, 28, 29, 32, 34, 35, 37, 38, 39, 40, 41, 44, 45, 48, 49, 52, 53, 54, 56, 59, 60, 62, 64, 65, 66, 71, 74, 75, 77, 78, 79, 85, 89, 92, 95]

Run number: 4
Best general solution:
Weight left: 2.0
Value: 7649000
Backpack configuration: [1, 2, 3, 4, 5, 6, 7, 8, 10, 11, 18, 20, 27, 28, 29, 30, 31, 32, 33, 34, 36, 37, 38, 39, 40, 41, 43, 45, 48, 49, 50, 51, 52, 53, 54, 57, 60, 62, 64, 65, 66, 67, 71, 74, 75, 77, 79, 81, 85, 89, 92, 95]

Run number: 5
Best general solution:
Weight left: 5.0
Value: 7650694
Backpack configuration: [0, 1, 2, 3, 5, 9, 12, 16, 17, 19, 22, 23, 25, 26, 27, 28, 31, 32, 33, 34, 35, 36, 37, 38, 39, 40, 41, 42, 43, 44, 45, 46, 47, 49, 50, 51, 54, 57, 58, 59, 62, 63, 64, 69, 70, 71, 74, 75, 77, 79, 81, 82, 85, 87, 89, 92, 95]

Run number: 6
Best general solution:
Weight left: 2.0
Value: 7647100
Backpack configuration: [0, 1, 2, 3, 5, 6, 7, 8, 9, 13, 14, 15, 17, 19, 20, 22, 26, 27, 28, 29, 32, 33, 36, 37, 39, 40, 41, 45, 52, 53, 55, 60, 61, 64, 65, 66, 71, 74, 75, 77, 79, 85, 87, 89, 92, 93, 95]

Run number: 7
Best general solution:
Weight left: 2.0
Value: 7650500
Backpack configuration: [0, 1, 2, 3, 4, 5, 6, 7, 8, 9, 10, 11, 12, 13, 18, 19, 20, 21, 22, 23, 24, 26, 27, 28, 29, 32, 33, 35, 39, 40, 41, 43, 44, 45, 46, 48, 49, 50, 53, 54, 55, 58, 61, 62, 64, 65, 66, 69, 71, 74, 75, 77, 78, 79, 85, 92, 95]

Run number: 8
Best general solution:
Weight left: 22.0
Value: 7649460
Backpack configuration: [1, 2, 3, 4, 5, 6, 7, 8, 10, 11, 12, 15, 16, 19, 22, 23, 26, 27, 28, 29, 32, 34, 36, 38, 39, 40, 43, 45, 46, 47, 50, 52, 53, 54, 55, 58, 61, 66, 68, 71, 74, 75, 77, 78, 79, 81, 82, 85, 87, 89, 92, 95, 96]

Run number: 9
Best general solution:
Weight left: 23.0
Value: 7653058
Backpack configuration: [0, 1, 2, 3, 4, 5, 7, 8, 12, 13, 14, 15, 18, 19, 20, 21, 23, 24, 26, 27, 28, 32, 34, 35, 36, 37, 38, 39, 40, 41, 42, 43, 45, 50, 52, 54, 55, 59, 60, 63, 64, 65, 66, 68, 69, 70, 71, 74, 75, 77, 79, 81, 82, 85, 87, 89, 91, 92, 94, 95, 96]

Run number: 10
Best general solution:
Weight left: 1.0
Value: 7654802
Backpack configuration: [1, 2, 3, 4, 5, 6, 7, 8, 9, 10, 11, 12, 13, 14, 17, 18, 21, 22, 23, 24, 25, 26, 27, 28, 29, 33, 34, 35, 36, 37, 38, 39, 41, 42, 43, 44, 45, 47, 48, 49, 50, 51, 52, 53, 54, 55, 59, 60, 62, 63, 64, 65, 68, 69, 71, 74, 75, 77, 78, 79, 81, 85, 87, 91, 92, 95]

Run number: 11
Best general solution:
Weight left: 3.0
Value: 7649498
Backpack configuration: [1, 2, 3, 4, 5, 6, 7, 8, 9, 11, 13, 14, 16, 17, 18, 20, 22, 23, 24, 27, 28, 31, 32, 37, 38, 39, 40, 41, 42, 44, 45, 46, 47, 54, 55, 57, 58, 61, 64, 65, 66, 68, 71, 74, 75, 77, 78, 79, 85, 89, 92, 94, 95]

Run number: 12
Best general solution:
Weight left: 2.0
Value: 7651400
Backpack configuration: [0, 2, 4, 5, 6, 7, 9, 10, 12, 13, 15, 16, 17, 19, 20, 23, 24, 25, 26, 27, 28, 29, 31, 32, 33, 35, 36, 38, 39, 40, 41, 42, 43, 44, 45, 46, 50, 51, 53, 54, 55, 58, 59, 62, 63, 65, 68, 69, 70, 71, 74, 75, 77, 79, 85, 89, 92, 95]

Run number: 13
Best general solution:
Weight left: 3.0
Value: 7647798
Backpack configuration: [0, 1, 2, 3, 4, 5, 7, 8, 9, 12, 13, 14, 18, 20, 24, 27, 28, 31, 33, 36, 37, 38, 39, 40, 41, 43, 45, 46, 50, 52, 53, 54, 55, 57, 59, 60, 61, 65, 68, 71, 74, 75, 77, 78, 79, 85, 92, 95]

Run number: 14
Best general solution:
Weight left: 4.0
Value: 7654496
Backpack configuration: [0, 1, 2, 3, 4, 5, 6, 7, 8, 9, 10, 13, 14, 16, 18, 19, 24, 25, 26, 27, 28, 29, 31, 34, 35, 36, 38, 39, 40, 43, 45, 46, 47, 48, 50, 51, 52, 53, 54, 55, 57, 58, 59, 60, 62, 65, 66, 67, 68, 70, 71, 72, 74, 75, 77, 78, 79, 80, 82, 83, 85, 87, 89, 92, 95]

Run number: 15
Best general solution:
Weight left: 224.0
Value: 7653056
Backpack configuration: [0, 1, 2, 3, 4, 5, 6, 7, 8, 9, 10, 11, 12, 16, 17, 18, 19, 21, 22, 23, 24, 25, 27, 28, 31, 32, 36, 37, 38, 39, 40, 41, 42, 43, 45, 47, 49, 50, 52, 53, 54, 55, 57, 58, 60, 62, 63, 64, 65, 67, 68, 71, 72, 74, 75, 77, 78, 79, 80, 85, 89, 92, 95]

Run number: 16
Best general solution:
Weight left: 5.0
Value: 7653594
Backpack configuration: [0, 1, 2, 3, 5, 7, 8, 9, 10, 11, 13, 14, 15, 16, 17, 18, 20, 21, 22, 23, 24, 25, 27, 28, 29, 32, 33, 35, 36, 37, 38, 39, 40, 41, 42, 43, 44, 45, 46, 47, 48, 50, 51, 52, 53, 54, 55, 57, 58, 60, 62, 64, 68, 71, 74, 75, 77, 78, 79, 85, 89, 92, 93, 95]

Run number: 17
Best general solution:
Weight left: 0.0
Value: 7655504
Backpack configuration: [0, 1, 2, 3, 4, 5, 6, 7, 8, 9, 11, 13, 14, 15, 16, 17, 18, 19, 20, 22, 26, 27, 28, 29, 31, 33, 34, 35, 37, 38, 39, 41, 44, 45, 46, 47, 49, 50, 51, 52, 53, 54, 55, 58, 59, 60, 62, 63, 64, 65, 66, 67, 68, 69, 70, 71, 72, 74, 75, 77, 78, 79, 80, 85, 87, 89, 92, 93, 95]

Run number: 18
Best general solution:
Weight left: 0.0
Value: 7650704
Backpack configuration: [1, 2, 3, 4, 5, 6, 7, 9, 10, 12, 13, 18, 23, 26, 27, 28, 29, 30, 32, 34, 35, 39, 40, 42, 44, 45, 47, 48, 49, 50, 51, 52, 53, 54, 55, 57, 58, 59, 60, 62, 63, 64, 67, 69, 71, 74, 75, 77, 79, 80, 81, 82, 85, 89, 91, 92, 95]

Run number: 19
Best general solution:
Weight left: 9.0
Value: 7653586
Backpack configuration: [0, 1, 2, 4, 5, 6, 7, 8, 9, 10, 11, 13, 14, 15, 16, 17, 18, 19, 20, 22, 24, 25, 26, 28, 29, 31, 33, 34, 35, 36, 38, 39, 40, 41, 42, 43, 45, 46, 47, 48, 49, 50, 52, 55, 58, 59, 62, 64, 70, 71, 72, 74, 75, 77, 78, 79, 80, 81, 85, 87, 89, 92, 93, 95]

Run number: 20
Best general solution:
Weight left: 4.0
Value: 7647996
Backpack configuration: [0, 1, 2, 3, 5, 6, 7, 8, 9, 10, 11, 13, 16, 17, 19, 20, 22, 23, 24, 28, 29, 35, 37, 39, 40, 41, 43, 44, 45, 46, 47, 48, 52, 53, 55, 59, 61, 63, 64, 66, 68, 71, 74, 75, 77, 78, 81, 85, 92, 95]

Run number: 21
Best general solution:
Weight left: 6.0
Value: 7648492
Backpack configuration: [0, 2, 3, 5, 6, 7, 8, 9, 10, 11, 12, 13, 16, 17, 18, 19, 20, 21, 23, 28, 29, 31, 33, 39, 40, 43, 44, 45, 47, 48, 49, 50, 51, 53, 55, 56, 58, 64, 65, 67, 68, 71, 74, 75, 77, 79, 85, 87, 89, 92, 95]

Run number: 22
Best general solution:
Weight left: 9.0
Value: 7651986
Backpack configuration: [0, 1, 2, 3, 4, 5, 7, 9, 10, 11, 13, 14, 15, 16, 17, 19, 20, 23, 25, 26, 27, 28, 33, 35, 37, 38, 39, 40, 41, 42, 44, 45, 46, 47, 48, 49, 50, 51, 52, 55, 58, 60, 62, 63, 64, 65, 66, 67, 69, 70, 71, 74, 75, 77, 78, 79, 85, 92, 93, 95]

Run number: 23
Best general solution:
Weight left: 0.0
Value: 7650604
Backpack configuration: [1, 2, 3, 4, 5, 7, 9, 11, 12, 13, 14, 15, 18, 19, 22, 23, 24, 25, 27, 28, 31, 33, 34, 39, 40, 41, 42, 43, 46, 47, 48, 49, 50, 52, 53, 54, 57, 58, 59, 60, 61, 64, 65, 67, 68, 69, 71, 74, 75, 77, 78, 79, 85, 87, 92, 95]

Run number: 24
Best general solution:
Weight left: 4.0
Value: 7647496
Backpack configuration: [0, 1, 2, 3, 4, 5, 6, 7, 8, 9, 10, 11, 14, 19, 23, 28, 32, 33, 35, 38, 39, 40, 42, 44, 49, 50, 51, 55, 56, 57, 59, 62, 63, 64, 65, 66, 67, 68, 71, 74, 75, 77, 79, 85, 92, 94, 95]

Run number: 25
Best general solution:
Weight left: 8.0
Value: 7653488
Backpack configuration: [0, 1, 2, 3, 4, 5, 7, 8, 9, 10, 11, 12, 13, 14, 16, 17, 18, 19, 24, 25, 28, 31, 32, 34, 35, 36, 37, 38, 39, 40, 41, 42, 43, 44, 45, 46, 47, 48, 49, 50, 51, 52, 53, 55, 57, 59, 62, 64, 66, 67, 68, 69, 70, 71, 74, 75, 77, 78, 79, 81, 85, 92, 95]

Run number: 26
Best general solution:
Weight left: 1.0
Value: 7651602
Backpack configuration: [1, 2, 3, 4, 5, 6, 7, 8, 9, 10, 12, 18, 19, 24, 27, 28, 32, 34, 35, 36, 37, 38, 39, 40, 42, 43, 44, 45, 46, 47, 48, 49, 50, 51, 52, 53, 54, 55, 56, 57, 59, 60, 63, 64, 66, 71, 74, 75, 77, 78, 79, 81, 85, 87, 89, 92, 95, 96]

Run number: 27
Best general solution:
Weight left: 17.0
Value: 7654270
Backpack configuration: [0, 1, 2, 3, 4, 5, 6, 7, 8, 9, 10, 11, 13, 15, 16, 17, 18, 19, 21, 23, 24, 25, 26, 27, 28, 29, 31, 32, 33, 34, 37, 38, 39, 40, 41, 42, 43, 44, 45, 47, 49, 50, 51, 53, 55, 58, 59, 60, 63, 64, 65, 66, 68, 70, 71, 73, 74, 75, 77, 78, 79, 81, 85, 92, 95]

Run number: 28
Best general solution:
Weight left: 8.0
Value: 7648688
Backpack configuration: [0, 1, 2, 3, 4, 5, 6, 8, 9, 10, 11, 12, 13, 14, 17, 18, 23, 24, 27, 28, 31, 33, 34, 35, 36, 38, 39, 40, 41, 42, 49, 50, 51, 52, 53, 54, 58, 59, 61, 65, 69, 71, 74, 75, 77, 78, 79, 81, 85, 92, 95]

Run number: 29
Best general solution:
Weight left: 5.0
Value: 7653494
Backpack configuration: [1, 2, 3, 4, 5, 6, 7, 8, 9, 10, 11, 13, 14, 15, 16, 17, 18, 19, 20, 21, 23, 24, 25, 27, 28, 29, 32, 33, 35, 36, 37, 38, 39, 40, 41, 42, 43, 45, 47, 48, 49, 50, 53, 54, 57, 58, 60, 62, 64, 67, 68, 69, 71, 74, 75, 77, 79, 82, 85, 89, 91, 92, 95]

Run number: 30
Best general solution:
Weight left: 1.0
Value: 7648302
Backpack configuration: [0, 1, 2, 3, 4, 5, 6, 7, 8, 9, 10, 15, 16, 20, 23, 24, 26, 27, 28, 30, 37, 39, 40, 41, 43, 44, 45, 47, 48, 50, 52, 53, 54, 55, 59, 60, 62, 65, 67, 69, 71, 74, 75, 77, 79, 85, 87, 89, 92, 93, 95]