

Run number: 1
Best general solution:
Weight left: 0.0
Value: 6370760
Backpack configuration: [1, 2, 3, 4, 5, 6, 7, 8, 9, 11, 12, 13, 14, 15, 17, 18, 19, 20, 22, 23, 24, 25, 26, 27, 28, 29, 30, 31, 32, 33, 34, 35, 36, 37, 42, 43, 44, 45, 46, 48, 49, 50, 51, 53, 56, 58, 59, 60, 61, 62, 63, 64, 66, 68, 69, 70, 71, 72, 73, 75, 76, 77, 79, 80, 81, 82, 83, 85, 87, 90, 91, 93, 94, 95, 96, 97, 98, 101, 102, 103, 106, 107, 108, 109, 112, 113, 116, 118, 120, 121, 122, 123, 124, 125, 126, 127, 128, 131, 132, 135, 136, 137, 138, 141, 142, 143, 144, 145, 146, 147, 148, 149, 150, 151, 153, 155, 156, 158, 159, 160, 161, 163, 164, 165, 166, 168, 169, 170, 171, 172, 173, 175, 176, 177, 179, 181, 184, 185, 186, 187, 188, 189, 190, 191, 192, 193, 194, 195, 197, 198, 199]

Run number: 2
Best general solution:
Weight left: 2.0
Value: 6374056
Backpack configuration: [0, 1, 3, 4, 5, 6, 7, 8, 9, 13, 14, 15, 17, 18, 19, 20, 21, 22, 23, 24, 26, 27, 29, 30, 31, 32, 33, 34, 35, 36, 37, 38, 42, 43, 45, 47, 48, 49, 50, 51, 52, 53, 54, 55, 57, 58, 59, 60, 61, 63, 64, 65, 66, 67, 69, 71, 72, 73, 74, 76, 77, 78, 80, 81, 82, 83, 84, 85, 86, 87, 88, 90, 92, 93, 94, 95, 96, 97, 98, 100, 101, 102, 104, 105, 106, 107, 109, 110, 111, 112, 113, 114, 116, 117, 119, 120, 121, 122, 123, 124, 125, 126, 127, 128, 129, 131, 132, 134, 136, 137, 138, 139, 140, 141, 142, 143, 145, 146, 149, 150, 152, 153, 154, 155, 156, 158, 160, 161, 162, 163, 164, 165, 166, 167, 168, 169, 170, 171, 172, 173, 175, 176, 177, 178, 179, 180, 181, 183, 187, 188, 189, 190, 191, 192, 193, 194, 197, 198]

Run number: 3
Best general solution:
Weight left: 128.0
Value: 6370004
Backpack configuration: [0, 2, 3, 6, 7, 9, 12, 13, 14, 15, 16, 18, 19, 20, 21, 22, 23, 24, 25, 26, 27, 28, 29, 32, 33, 34, 37, 38, 39, 41, 42, 44, 45, 46, 47, 48, 49, 51, 53, 54, 55, 56, 57, 58, 59, 60, 62, 64, 65, 66, 67, 69, 70, 71, 72, 73, 74, 75, 77, 78, 79, 80, 82, 83, 84, 85, 86, 89, 90, 91, 92, 93, 94, 95, 96, 97, 98, 99, 101, 102, 103, 104, 105, 106, 107, 109, 111, 113, 114, 115, 116, 117, 120, 121, 123, 124, 125, 126, 127, 128, 129, 131, 132, 133, 134, 135, 136, 137, 139, 141, 142, 143, 144, 146, 147, 148, 149, 150, 151, 154, 155, 156, 157, 158, 159, 162, 163, 164, 167, 169, 170, 171, 172, 175, 176, 177, 179, 186, 187, 188, 189, 190, 191, 193, 194, 197, 198, 199]

Run number: 4
Best general solution:
Weight left: 8.0
Value: 6369644
Backpack configuration: [0, 2, 3, 5, 6, 8, 9, 10, 12, 13, 14, 15, 16, 17, 18, 20, 22, 23, 25, 26, 27, 28, 33, 34, 35, 36, 37, 38, 39, 44, 45, 47, 48, 51, 53, 54, 55, 56, 57, 59, 61, 62, 65, 66, 67, 68, 70, 71, 72, 74, 75, 76, 77, 78, 79, 80, 83, 84, 86, 87, 91, 92, 93, 94, 96, 97, 98, 99, 100, 101, 102, 103, 104, 105, 108, 112, 113, 114, 115, 116, 117, 119, 120, 121, 122, 123, 125, 126, 127, 128, 129, 130, 132, 133, 134, 135, 137, 139, 140, 141, 142, 143, 144, 145, 146, 147, 148, 149, 150, 152, 153, 155, 156, 157, 158, 159, 160, 161, 164, 165, 166, 167, 168, 169, 170, 171, 172, 174, 175, 176, 177, 179, 182, 183, 184, 186, 188, 189, 190, 191, 192, 193, 194, 197, 198, 199]

Run number: 5
Best general solution:
Weight left: 63.0
Value: 6370234
Backpack configuration: [0, 1, 2, 3, 4, 5, 6, 7, 9, 12, 13, 14, 15, 16, 18, 19, 20, 21, 22, 25, 26, 27, 28, 31, 32, 33, 34, 35, 36, 37, 38, 39, 41, 42, 43, 44, 45, 46, 47, 48, 49, 51, 52, 53, 54, 55, 56, 57, 58, 59, 60, 63, 64, 65, 69, 70, 72, 73, 75, 76, 78, 79, 80, 81, 82, 83, 85, 86, 87, 88, 89, 91, 93, 94, 95, 96, 97, 98, 100, 101, 102, 103, 104, 105, 106, 107, 109, 112, 113, 115, 116, 117, 118, 119, 120, 121, 122, 125, 126, 127, 128, 132, 133, 134, 135, 136, 137, 138, 139, 141, 143, 145, 146, 147, 148, 149, 150, 152, 153, 154, 155, 156, 158, 159, 160, 161, 163, 168, 169, 170, 171, 172, 173, 175, 176, 178, 179, 187, 188, 189, 191, 192, 193, 194, 197, 198, 199]

Run number: 6
Best general solution:
Weight left: 0.0
Value: 6371260
Backpack configuration: [0, 1, 2, 3, 5, 6, 7, 8, 9, 10, 11, 12, 13, 15, 16, 17, 18, 19, 20, 22, 23, 24, 26, 27, 28, 29, 30, 31, 32, 33, 34, 35, 36, 38, 40, 42, 43, 44, 45, 46, 48, 49, 50, 53, 54, 55, 56, 57, 58, 59, 60, 63, 65, 66, 67, 68, 71, 72, 75, 76, 77, 78, 79, 80, 81, 83, 84, 85, 86, 87, 88, 90, 92, 93, 94, 97, 99, 100, 101, 102, 105, 106, 107, 108, 109, 110, 111, 112, 113, 115, 116, 117, 118, 119, 120, 122, 123, 124, 126, 127, 128, 129, 130, 131, 132, 133, 134, 135, 136, 138, 140, 143, 144, 145, 146, 148, 149, 150, 153, 154, 155, 156, 157, 159, 160, 162, 163, 165, 166, 167, 168, 170, 171, 172, 175, 176, 177, 178, 179, 180, 181, 182, 187, 188, 189, 190, 191, 192, 193, 195]

Run number: 7
Best general solution:
Weight left: 7.0
Value: 6372646
Backpack configuration: [0, 1, 2, 3, 4, 5, 7, 9, 10, 11, 13, 14, 15, 16, 17, 19, 20, 21, 22, 23, 24, 25, 26, 27, 29, 30, 31, 32, 33, 34, 35, 36, 37, 38, 40, 41, 43, 44, 45, 48, 49, 50, 51, 54, 55, 56, 57, 58, 60, 62, 63, 64, 65, 66, 68, 69, 70, 71, 72, 73, 76, 79, 81, 82, 83, 84, 85, 88, 91, 92, 95, 96, 97, 98, 99, 100, 101, 104, 105, 107, 108, 110, 111, 112, 113, 114, 115, 116, 119, 121, 122, 123, 124, 125, 126, 127, 128, 129, 132, 133, 134, 135, 136, 137, 138, 139, 140, 143, 145, 146, 147, 148, 149, 151, 154, 155, 156, 158, 159, 160, 161, 163, 164, 165, 166, 167, 168, 169, 170, 171, 172, 173, 175, 176, 177, 178, 179, 180, 181, 182, 183, 184, 185, 187, 188, 190, 191, 192, 193, 196, 197, 198]

Run number: 8
Best general solution:
Weight left: 27.0
Value: 6371306
Backpack configuration: [0, 1, 2, 3, 5, 6, 7, 8, 9, 10, 11, 12, 13, 14, 15, 16, 17, 18, 19, 21, 22, 23, 24, 26, 27, 28, 30, 31, 32, 33, 34, 35, 38, 41, 43, 44, 45, 46, 48, 50, 51, 52, 54, 55, 56, 57, 59, 60, 61, 62, 63, 64, 65, 66, 67, 70, 71, 72, 73, 74, 75, 76, 77, 78, 80, 81, 82, 83, 84, 85, 86, 87, 88, 91, 94, 95, 97, 98, 99, 101, 103, 104, 106, 108, 109, 110, 112, 114, 116, 117, 118, 119, 120, 121, 122, 125, 126, 129, 130, 131, 133, 134, 135, 136, 137, 138, 139, 140, 142, 143, 145, 147, 148, 149, 151, 153, 154, 155, 156, 157, 158, 159, 160, 161, 162, 163, 164, 166, 167, 168, 169, 170, 171, 172, 173, 175, 178, 179, 183, 184, 186, 187, 188, 189, 190, 191, 192, 193, 197]

Run number: 9
Best general solution:
Weight left: 8.0
Value: 6374244
Backpack configuration: [0, 1, 2, 3, 4, 5, 6, 7, 8, 9, 10, 11, 12, 13, 14, 15, 16, 17, 18, 19, 20, 21, 22, 23, 24, 25, 26, 28, 29, 30, 33, 34, 36, 37, 38, 39, 41, 42, 43, 44, 45, 46, 47, 49, 51, 53, 55, 56, 57, 58, 59, 60, 62, 63, 64, 65, 66, 67, 68, 69, 70, 71, 73, 77, 78, 79, 80, 81, 82, 83, 84, 85, 86, 89, 90, 91, 92, 93, 94, 95, 96, 97, 99, 100, 102, 103, 104, 105, 106, 107, 109, 110, 111, 113, 114, 115, 116, 117, 119, 120, 121, 122, 123, 125, 127, 128, 129, 131, 133, 134, 135, 136, 137, 138, 140, 141, 142, 143, 145, 146, 147, 148, 150, 151, 153, 154, 155, 156, 157, 159, 160, 161, 163, 164, 166, 167, 168, 169, 171, 172, 175, 176, 178, 179, 181, 182, 185, 186, 188, 189, 190, 191, 192, 193, 194, 195, 196, 197]

Run number: 10
Best general solution:
Weight left: 0.0
Value: 6372260
Backpack configuration: [0, 1, 3, 4, 5, 8, 9, 10, 11, 12, 13, 14, 15, 16, 17, 18, 19, 20, 22, 23, 26, 28, 29, 31, 32, 34, 35, 36, 37, 38, 39, 41, 42, 43, 44, 45, 46, 47, 50, 53, 54, 56, 57, 58, 59, 61, 63, 64, 65, 66, 67, 68, 71, 72, 73, 74, 75, 76, 77, 78, 79, 80, 81, 82, 83, 84, 85, 87, 88, 89, 92, 93, 95, 96, 97, 98, 99, 100, 101, 107, 108, 109, 110, 111, 112, 114, 116, 117, 118, 119, 120, 121, 122, 123, 124, 125, 126, 127, 128, 129, 130, 132, 133, 134, 135, 137, 138, 140, 142, 143, 145, 147, 150, 153, 154, 155, 156, 157, 158, 159, 160, 161, 162, 163, 165, 166, 167, 168, 169, 170, 171, 172, 173, 174, 175, 177, 178, 179, 180, 182, 184, 187, 188, 189, 190, 191, 192, 193, 194, 196, 197, 199]

Run number: 11
Best general solution:
Weight left: 9.0
Value: 6373142
Backpack configuration: [1, 3, 4, 5, 6, 7, 8, 9, 10, 12, 15, 16, 17, 18, 19, 20, 21, 22, 24, 25, 26, 27, 28, 29, 30, 31, 32, 33, 34, 36, 37, 38, 39, 40, 41, 42, 44, 45, 46, 47, 49, 50, 51, 53, 54, 56, 57, 58, 59, 60, 61, 62, 63, 65, 66, 67, 68, 69, 70, 71, 72, 74, 75, 76, 77, 80, 81, 83, 85, 86, 87, 88, 90, 91, 92, 93, 94, 96, 97, 98, 99, 101, 102, 103, 104, 105, 106, 107, 108, 109, 110, 112, 113, 114, 116, 117, 118, 119, 120, 121, 123, 124, 125, 126, 127, 128, 130, 131, 132, 133, 136, 137, 138, 139, 140, 142, 145, 146, 148, 150, 152, 153, 155, 156, 157, 158, 159, 160, 162, 163, 164, 165, 166, 167, 169, 170, 171, 172, 173, 175, 176, 177, 178, 179, 181, 183, 184, 185, 186, 187, 188, 189, 191, 192, 193]

Run number: 12
Best general solution:
Weight left: 59.0
Value: 6374142
Backpack configuration: [0, 2, 3, 5, 6, 7, 8, 9, 10, 11, 12, 13, 14, 15, 16, 17, 18, 19, 21, 22, 26, 27, 28, 29, 30, 32, 33, 34, 35, 36, 37, 38, 39, 40, 41, 42, 43, 45, 46, 47, 48, 49, 50, 51, 53, 54, 55, 56, 57, 59, 60, 61, 62, 63, 64, 66, 67, 68, 69, 70, 71, 73, 75, 76, 77, 81, 82, 83, 84, 85, 86, 87, 90, 92, 94, 95, 96, 97, 99, 100, 102, 103, 104, 105, 107, 108, 109, 110, 111, 112, 113, 115, 116, 117, 119, 121, 122, 123, 124, 125, 126, 127, 128, 129, 130, 131, 133, 134, 135, 136, 137, 138, 139, 140, 141, 142, 144, 145, 146, 147, 148, 149, 150, 152, 154, 155, 157, 158, 159, 160, 161, 162, 163, 164, 167, 168, 169, 170, 171, 172, 173, 175, 176, 177, 178, 179, 181, 187, 188, 189, 190, 191, 192, 193, 195, 197, 198, 199]

Run number: 13
Best general solution:
Weight left: 3.0
Value: 6367054
Backpack configuration: [0, 1, 2, 3, 4, 6, 8, 9, 11, 15, 17, 18, 19, 20, 21, 22, 23, 24, 25, 26, 27, 28, 29, 30, 31, 33, 34, 35, 36, 37, 39, 42, 44, 45, 47, 50, 51, 52, 53, 54, 57, 58, 59, 60, 61, 63, 64, 65, 66, 67, 68, 69, 70, 73, 74, 75, 76, 77, 80, 81, 82, 83, 84, 85, 86, 87, 88, 91, 92, 94, 95, 98, 99, 100, 101, 102, 103, 104, 106, 108, 109, 111, 115, 117, 118, 119, 120, 121, 122, 123, 124, 125, 126, 128, 130, 131, 133, 134, 135, 136, 137, 139, 142, 144, 145, 147, 150, 151, 152, 153, 157, 158, 159, 160, 161, 163, 164, 165, 166, 167, 168, 169, 170, 173, 175, 176, 177, 180, 181, 183, 184, 187, 188, 191, 192, 194, 195, 197, 198, 199]

Run number: 14
Best general solution:
Weight left: 69.0
Value: 6371922
Backpack configuration: [0, 1, 2, 3, 4, 7, 8, 9, 10, 11, 14, 15, 16, 17, 18, 20, 21, 22, 23, 24, 25, 26, 27, 28, 29, 31, 32, 33, 34, 35, 36, 37, 41, 42, 43, 44, 45, 46, 48, 49, 50, 51, 52, 53, 55, 56, 57, 60, 61, 62, 63, 64, 65, 66, 67, 69, 71, 72, 73, 74, 75, 76, 77, 78, 80, 81, 83, 84, 85, 86, 88, 91, 92, 95, 96, 97, 98, 99, 100, 101, 102, 103, 104, 105, 106, 107, 108, 109, 110, 111, 113, 114, 115, 116, 117, 118, 119, 120, 121, 122, 123, 126, 127, 129, 131, 132, 133, 134, 136, 137, 138, 139, 140, 141, 143, 144, 146, 147, 148, 149, 150, 153, 154, 155, 156, 158, 159, 160, 161, 162, 163, 164, 165, 168, 170, 171, 172, 173, 175, 176, 177, 178, 179, 185, 187, 188, 190, 191, 192, 193, 197, 199]

Run number: 15
Best general solution:
Weight left: 9.0
Value: 6372442
Backpack configuration: [0, 2, 3, 4, 6, 8, 9, 10, 11, 12, 13, 15, 18, 19, 20, 21, 22, 25, 26, 27, 28, 29, 30, 31, 32, 33, 34, 35, 36, 37, 38, 39, 40, 41, 42, 43, 44, 45, 46, 48, 50, 51, 54, 55, 56, 57, 58, 59, 60, 61, 62, 66, 68, 69, 70, 71, 72, 73, 74, 75, 76, 77, 78, 79, 80, 82, 83, 84, 86, 87, 88, 89, 91, 92, 93, 94, 95, 96, 97, 98, 99, 100, 102, 103, 104, 106, 107, 108, 109, 110, 111, 112, 113, 115, 118, 119, 120, 121, 122, 125, 126, 127, 129, 130, 131, 132, 133, 134, 136, 137, 138, 139, 140, 141, 142, 143, 144, 145, 146, 148, 150, 154, 155, 156, 157, 159, 160, 161, 162, 166, 168, 169, 170, 171, 172, 173, 175, 176, 177, 178, 179, 186, 187, 188, 189, 191, 192, 193, 195, 197, 198, 199]

Run number: 16
Best general solution:
Weight left: 7.0
Value: 6369246
Backpack configuration: [1, 2, 3, 4, 6, 7, 8, 9, 10, 12, 13, 14, 15, 16, 17, 18, 20, 21, 22, 23, 24, 25, 26, 27, 28, 29, 30, 32, 33, 35, 36, 37, 38, 39, 40, 41, 43, 44, 45, 46, 47, 48, 50, 51, 54, 57, 58, 59, 61, 62, 64, 65, 66, 67, 68, 69, 71, 74, 75, 76, 77, 78, 79, 80, 82, 84, 85, 86, 87, 88, 89, 91, 92, 93, 96, 97, 100, 101, 102, 103, 104, 105, 107, 108, 109, 112, 113, 114, 116, 118, 120, 123, 126, 128, 130, 131, 132, 134, 135, 136, 137, 138, 139, 140, 141, 142, 144, 145, 146, 147, 148, 150, 151, 153, 154, 155, 156, 158, 160, 162, 163, 164, 166, 167, 168, 169, 170, 173, 176, 177, 178, 180, 181, 182, 184, 185, 187, 188, 189, 190, 191, 195, 196, 199]

Run number: 17
Best general solution:
Weight left: 4.0
Value: 6370052
Backpack configuration: [0, 1, 4, 5, 6, 7, 9, 10, 12, 14, 15, 17, 19, 21, 22, 23, 24, 25, 26, 27, 29, 30, 31, 32, 33, 35, 36, 37, 38, 40, 46, 47, 49, 50, 51, 58, 59, 60, 63, 64, 65, 66, 67, 68, 71, 73, 74, 75, 76, 77, 79, 80, 81, 84, 85, 86, 87, 88, 90, 91, 92, 93, 94, 95, 96, 97, 98, 99, 100, 101, 104, 105, 106, 107, 109, 110, 111, 112, 114, 116, 117, 118, 119, 120, 121, 123, 124, 127, 128, 129, 130, 131, 132, 133, 134, 135, 136, 137, 138, 139, 140, 141, 142, 143, 144, 145, 146, 147, 148, 149, 150, 152, 154, 155, 158, 160, 161, 162, 163, 164, 168, 169, 170, 171, 172, 173, 175, 176, 177, 178, 179, 180, 181, 184, 185, 187, 188, 189, 190, 191, 192, 193, 195, 196, 197, 199]

Run number: 18
Best general solution:
Weight left: 78.0
Value: 6367704
Backpack configuration: [1, 2, 3, 5, 6, 7, 8, 9, 10, 11, 13, 17, 19, 20, 21, 22, 24, 25, 26, 29, 31, 32, 33, 34, 35, 37, 38, 39, 40, 41, 42, 43, 45, 46, 47, 48, 50, 51, 54, 55, 56, 57, 58, 59, 60, 62, 63, 65, 66, 67, 68, 69, 70, 71, 72, 73, 75, 76, 77, 78, 79, 80, 82, 84, 87, 90, 91, 92, 93, 94, 95, 98, 100, 101, 102, 103, 104, 105, 106, 108, 109, 110, 113, 114, 115, 116, 118, 120, 122, 125, 126, 127, 130, 131, 133, 134, 135, 136, 137, 138, 139, 140, 142, 143, 144, 145, 147, 149, 150, 151, 152, 153, 154, 155, 156, 157, 158, 161, 162, 164, 166, 167, 168, 172, 173, 175, 178, 179, 181, 182, 183, 187, 188, 189, 190, 191, 192, 193, 194, 197, 198, 199]

Run number: 19
Best general solution:
Weight left: 8.0
Value: 6370644
Backpack configuration: [0, 1, 2, 3, 4, 5, 6, 7, 8, 9, 10, 11, 14, 15, 16, 17, 20, 21, 24, 25, 26, 28, 31, 32, 33, 35, 36, 37, 38, 39, 41, 42, 43, 44, 45, 47, 48, 50, 51, 52, 53, 54, 55, 56, 57, 58, 60, 61, 63, 65, 66, 68, 69, 70, 71, 72, 74, 75, 76, 77, 78, 80, 81, 82, 83, 84, 85, 86, 89, 91, 92, 93, 94, 95, 97, 99, 100, 101, 102, 103, 105, 106, 108, 109, 110, 111, 112, 113, 115, 116, 117, 118, 119, 120, 123, 124, 125, 126, 128, 129, 130, 131, 136, 137, 139, 140, 141, 142, 143, 145, 147, 149, 150, 152, 153, 154, 155, 158, 159, 160, 161, 163, 164, 165, 166, 167, 169, 170, 172, 175, 177, 178, 179, 180, 182, 184, 186, 187, 188, 189, 190, 191, 192, 193, 194, 196, 198, 199]

Run number: 20
Best general solution:
Weight left: 13.0
Value: 6373134
Backpack configuration: [0, 1, 2, 3, 4, 5, 6, 9, 11, 12, 13, 14, 16, 17, 18, 19, 20, 22, 23, 25, 27, 28, 30, 32, 33, 34, 35, 36, 37, 38, 39, 41, 42, 44, 46, 50, 51, 53, 54, 55, 56, 57, 58, 59, 60, 62, 63, 64, 66, 67, 68, 69, 70, 73, 74, 75, 76, 77, 79, 80, 81, 82, 83, 85, 86, 87, 88, 89, 90, 92, 93, 94, 95, 97, 99, 100, 101, 102, 103, 105, 106, 107, 109, 111, 112, 113, 114, 115, 116, 117, 118, 119, 120, 122, 123, 124, 125, 126, 127, 128, 130, 132, 134, 135, 136, 137, 138, 139, 140, 141, 142, 143, 144, 145, 146, 148, 150, 153, 154, 155, 156, 157, 158, 160, 161, 163, 164, 165, 167, 168, 169, 170, 171, 172, 173, 175, 176, 177, 178, 179, 180, 181, 182, 186, 187, 188, 189, 190, 192, 193, 194, 195, 197, 198, 199]

Run number: 21
Best general solution:
Weight left: 2.0
Value: 6373556
Backpack configuration: [1, 2, 4, 5, 7, 8, 9, 12, 14, 16, 17, 18, 20, 21, 22, 23, 24, 25, 26, 27, 28, 29, 30, 31, 33, 35, 36, 37, 38, 39, 40, 42, 43, 44, 45, 46, 47, 48, 50, 51, 53, 54, 56, 57, 58, 59, 60, 61, 62, 64, 65, 66, 67, 68, 69, 71, 72, 73, 74, 75, 76, 78, 79, 80, 82, 83, 84, 87, 88, 89, 91, 92, 93, 94, 95, 97, 99, 100, 101, 102, 104, 105, 106, 108, 109, 110, 112, 113, 114, 115, 116, 117, 118, 119, 121, 122, 124, 125, 126, 127, 128, 129, 130, 131, 132, 133, 134, 135, 136, 137, 140, 141, 142, 143, 144, 145, 146, 147, 149, 150, 151, 152, 154, 155, 157, 158, 160, 161, 162, 165, 166, 167, 168, 169, 170, 171, 172, 173, 175, 176, 177, 180, 181, 183, 186, 187, 189, 190, 191, 192, 193, 194, 195, 197, 198]

Run number: 22
Best general solution:
Weight left: 0.0
Value: 6368160
Backpack configuration: [0, 1, 3, 6, 7, 8, 9, 10, 11, 12, 16, 17, 18, 20, 21, 22, 24, 25, 27, 28, 29, 30, 31, 32, 34, 35, 37, 40, 41, 42, 43, 44, 45, 46, 47, 48, 50, 51, 54, 55, 56, 57, 58, 59, 60, 61, 62, 63, 64, 65, 67, 70, 71, 72, 73, 76, 78, 79, 80, 81, 82, 83, 84, 85, 86, 87, 88, 89, 90, 91, 92, 93, 94, 95, 96, 97, 99, 100, 101, 104, 108, 109, 110, 111, 112, 113, 115, 116, 119, 120, 121, 122, 125, 126, 127, 128, 129, 130, 131, 132, 133, 134, 135, 136, 137, 138, 139, 140, 141, 142, 143, 144, 145, 148, 149, 150, 155, 156, 158, 160, 161, 164, 165, 166, 167, 168, 169, 171, 172, 173, 175, 176, 177, 179, 180, 182, 187, 188, 189, 191, 198]

Run number: 23
Best general solution:
Weight left: 6.0
Value: 6367948
Backpack configuration: [1, 2, 5, 8, 9, 10, 12, 13, 14, 15, 17, 20, 21, 24, 26, 27, 29, 30, 32, 33, 34, 35, 36, 37, 38, 39, 41, 42, 43, 44, 45, 46, 48, 50, 51, 52, 53, 54, 55, 56, 57, 60, 61, 62, 63, 64, 65, 66, 69, 70, 72, 73, 74, 75, 76, 77, 78, 80, 81, 84, 85, 86, 87, 88, 90, 91, 92, 94, 96, 98, 102, 103, 104, 107, 108, 110, 111, 112, 114, 115, 116, 118, 119, 120, 122, 123, 124, 125, 126, 127, 128, 129, 131, 134, 135, 136, 137, 138, 142, 143, 144, 145, 146, 147, 148, 149, 150, 152, 153, 154, 155, 156, 158, 159, 160, 161, 162, 163, 164, 165, 166, 167, 168, 169, 172, 173, 175, 180, 181, 183, 184, 185, 187, 189, 191, 192, 193, 194, 195, 197, 199]

Run number: 24
Best general solution:
Weight left: 46.0
Value: 6370468
Backpack configuration: [0, 2, 3, 4, 5, 6, 8, 9, 10, 11, 12, 14, 17, 18, 19, 20, 21, 22, 23, 25, 26, 28, 31, 32, 33, 34, 35, 36, 37, 38, 39, 40, 41, 42, 43, 44, 45, 48, 49, 51, 53, 55, 56, 57, 58, 60, 61, 63, 64, 66, 67, 68, 69, 72, 73, 74, 77, 78, 80, 81, 82, 83, 84, 86, 87, 89, 90, 91, 92, 93, 94, 96, 98, 99, 100, 101, 102, 103, 104, 105, 107, 111, 113, 114, 116, 118, 119, 121, 122, 123, 124, 125, 127, 128, 131, 133, 134, 136, 137, 138, 139, 140, 142, 143, 145, 147, 148, 149, 150, 151, 155, 156, 157, 158, 159, 160, 162, 163, 164, 167, 168, 169, 170, 171, 172, 173, 174, 175, 176, 177, 178, 179, 180, 181, 184, 187, 188, 189, 190, 191, 192, 193, 194, 195, 196, 198, 199]

Run number: 25
Best general solution:
Weight left: 122.0
Value: 6370116
Backpack configuration: [0, 1, 2, 4, 5, 6, 7, 8, 9, 10, 11, 12, 13, 15, 16, 18, 19, 20, 21, 26, 27, 28, 29, 30, 31, 32, 33, 34, 35, 36, 39, 40, 41, 42, 43, 44, 46, 47, 49, 50, 51, 55, 56, 57, 58, 59, 60, 61, 62, 63, 64, 65, 66, 67, 68, 70, 71, 72, 74, 75, 76, 77, 79, 80, 81, 82, 83, 84, 85, 86, 88, 89, 90, 92, 94, 97, 98, 99, 100, 102, 107, 109, 110, 111, 112, 113, 114, 115, 116, 117, 118, 119, 120, 121, 122, 123, 124, 125, 126, 127, 128, 130, 132, 133, 134, 136, 137, 138, 139, 140, 141, 142, 143, 144, 145, 146, 147, 148, 149, 150, 152, 153, 154, 157, 158, 159, 160, 161, 162, 168, 169, 170, 171, 172, 173, 175, 176, 177, 178, 179, 183, 187, 190, 192, 193, 198, 199]

Run number: 26
Best general solution:
Weight left: 1.0
Value: 6374558
Backpack configuration: [1, 2, 3, 4, 5, 6, 8, 9, 10, 11, 12, 13, 15, 16, 20, 21, 23, 24, 25, 26, 27, 28, 29, 30, 32, 33, 34, 35, 36, 37, 38, 41, 42, 43, 45, 46, 47, 48, 49, 50, 53, 56, 57, 58, 59, 60, 61, 62, 63, 64, 65, 66, 67, 68, 69, 70, 71, 72, 74, 75, 76, 78, 79, 81, 82, 84, 85, 86, 88, 89, 90, 91, 93, 94, 95, 98, 99, 100, 101, 102, 104, 106, 109, 110, 111, 112, 113, 114, 115, 116, 117, 119, 120, 121, 122, 123, 124, 125, 126, 128, 129, 130, 131, 132, 133, 134, 135, 136, 137, 138, 139, 140, 141, 143, 144, 145, 146, 147, 149, 150, 151, 152, 153, 154, 155, 156, 157, 159, 160, 162, 163, 164, 166, 167, 168, 169, 170, 171, 173, 175, 176, 177, 179, 180, 181, 183, 184, 185, 187, 188, 190, 193, 194, 195, 196, 198, 199]

Run number: 27
Best general solution:
Weight left: 7.0
Value: 6371846
Backpack configuration: [0, 2, 3, 6, 8, 10, 11, 12, 13, 14, 15, 16, 17, 18, 20, 21, 22, 24, 25, 26, 27, 28, 30, 31, 32, 33, 34, 35, 36, 37, 38, 39, 40, 43, 44, 45, 46, 47, 48, 50, 53, 54, 55, 58, 59, 60, 61, 62, 63, 64, 65, 67, 68, 69, 71, 72, 73, 74, 75, 76, 77, 81, 83, 84, 86, 89, 90, 92, 93, 94, 95, 96, 97, 98, 99, 102, 103, 104, 105, 106, 107, 108, 109, 110, 111, 113, 114, 116, 117, 118, 119, 120, 121, 122, 123, 124, 125, 126, 127, 129, 130, 131, 132, 134, 135, 136, 137, 138, 140, 141, 142, 143, 144, 145, 146, 147, 148, 149, 150, 153, 154, 155, 156, 158, 159, 161, 162, 163, 165, 167, 168, 169, 170, 171, 172, 173, 175, 177, 178, 179, 180, 181, 182, 186, 187, 188, 189, 191, 193, 194, 197, 199]

Run number: 28
Best general solution:
Weight left: 99.0
Value: 6372562
Backpack configuration: [0, 1, 2, 3, 4, 6, 7, 10, 11, 12, 13, 15, 16, 17, 18, 19, 20, 21, 22, 23, 24, 25, 28, 29, 30, 32, 33, 34, 35, 37, 38, 39, 40, 41, 42, 43, 44, 45, 47, 50, 51, 54, 56, 57, 60, 61, 63, 64, 65, 66, 69, 70, 71, 72, 73, 74, 75, 76, 77, 78, 80, 81, 83, 84, 85, 86, 87, 88, 89, 90, 91, 92, 93, 94, 95, 96, 97, 98, 99, 100, 102, 103, 105, 107, 108, 109, 111, 112, 113, 115, 116, 118, 119, 121, 122, 124, 125, 127, 129, 130, 131, 132, 133, 134, 135, 136, 138, 139, 141, 142, 143, 144, 145, 146, 148, 149, 150, 151, 152, 153, 154, 155, 156, 157, 159, 160, 161, 162, 163, 164, 165, 166, 167, 168, 169, 170, 171, 173, 175, 176, 178, 179, 181, 187, 188, 189, 190, 191, 192, 193, 197, 198, 199]

Run number: 29
Best general solution:
Weight left: 11.0
Value: 6371738
Backpack configuration: [0, 1, 2, 3, 6, 7, 8, 9, 10, 11, 12, 13, 14, 15, 19, 21, 23, 25, 26, 27, 28, 29, 30, 31, 33, 34, 35, 36, 38, 40, 41, 42, 43, 44, 45, 47, 48, 49, 50, 51, 54, 55, 56, 57, 58, 59, 60, 61, 62, 63, 65, 67, 68, 69, 70, 74, 75, 76, 77, 80, 81, 82, 83, 84, 85, 86, 87, 88, 89, 90, 91, 92, 93, 94, 95, 96, 99, 100, 102, 103, 104, 105, 106, 107, 108, 110, 111, 112, 113, 114, 115, 116, 120, 121, 122, 123, 126, 128, 129, 130, 131, 132, 133, 134, 135, 136, 137, 138, 139, 140, 141, 142, 143, 144, 145, 146, 148, 149, 150, 151, 152, 153, 154, 155, 157, 158, 159, 160, 162, 163, 164, 167, 169, 171, 173, 175, 177, 178, 179, 186, 187, 188, 189, 190, 191, 192, 193, 194, 197, 198, 199]

Run number: 30
Best general solution:
Weight left: 0.0
Value: 6370860
Backpack configuration: [0, 2, 3, 6, 7, 8, 9, 10, 13, 14, 15, 16, 17, 18, 20, 21, 22, 23, 24, 25, 26, 29, 30, 31, 32, 35, 36, 37, 38, 41, 42, 43, 44, 45, 48, 49, 50, 51, 53, 54, 55, 56, 57, 58, 59, 61, 62, 63, 64, 65, 66, 69, 70, 71, 72, 74, 75, 76, 77, 78, 79, 80, 81, 82, 84, 87, 88, 91, 92, 93, 94, 95, 96, 98, 99, 100, 101, 102, 104, 106, 107, 108, 109, 110, 112, 113, 115, 116, 118, 119, 120, 122, 126, 127, 128, 129, 130, 131, 133, 134, 135, 136, 137, 139, 140, 142, 143, 144, 145, 146, 148, 149, 150, 151, 154, 156, 157, 159, 164, 165, 166, 167, 168, 170, 171, 172, 173, 174, 175, 176, 177, 178, 179, 180, 181, 182, 183, 184, 187, 188, 189, 190, 191, 192, 194, 195, 196, 197]