

Run number: 1
Best general solution:
Weight left: 11.0
Value: 9749346
Backpack configuration: [1, 3, 4, 5, 6, 7, 8, 9, 10, 13, 14, 15, 16, 17, 18, 19, 20, 23, 24, 25, 26, 27, 28, 31, 32, 33, 35, 36, 37, 38, 39, 42, 43, 44, 45, 47, 48, 49, 50, 53, 55, 56, 57, 58, 59, 60, 62, 63, 64, 66, 67, 68, 69, 70, 71, 72, 73, 74, 76, 77, 78, 79, 80, 81, 82, 83, 86, 88, 89, 90, 91, 94, 95, 96, 97, 98, 99, 101, 102, 104, 106, 107, 108, 109, 110, 111, 112, 113, 114, 115, 117, 120, 121, 124, 125, 126, 127, 128, 129, 131, 132, 133, 134, 135, 136, 137, 138, 140, 141, 143, 144, 145, 146, 147, 149, 150, 151, 153, 155, 156, 159, 160, 161, 162, 163, 164, 165, 167, 168, 169, 170, 171, 172, 175, 176, 177, 178, 179, 180, 181, 183, 184, 185, 186, 187, 188, 189, 190, 191, 192, 193, 194, 195, 196, 197, 198, 199, 200, 201, 202, 204, 206, 208, 210, 211, 213, 215, 216, 218, 219, 220, 221, 222, 223, 224, 226, 227, 228, 229, 230, 231, 232, 233, 234, 235, 236, 237, 238, 239, 240, 241, 242, 244, 245, 246, 248, 249, 250, 251, 256, 258, 259, 261, 262, 263, 268, 270, 271, 272, 273, 274, 275, 276, 277, 279, 281, 282, 284, 285, 286, 287, 288, 289, 290, 292, 293, 294, 295]

Run number: 2
Best general solution:
Weight left: 5.0
Value: 9753258
Backpack configuration: [1, 2, 4, 5, 6, 7, 8, 9, 10, 11, 12, 13, 14, 15, 17, 18, 19, 20, 21, 22, 23, 24, 25, 26, 27, 28, 29, 30, 32, 33, 34, 35, 36, 37, 39, 41, 42, 43, 44, 45, 46, 47, 49, 50, 51, 53, 54, 55, 56, 57, 58, 59, 60, 61, 62, 63, 64, 65, 66, 68, 69, 70, 71, 72, 73, 74, 75, 76, 77, 78, 79, 80, 81, 82, 83, 84, 85, 86, 87, 88, 89, 91, 92, 93, 94, 98, 101, 103, 104, 105, 108, 110, 111, 112, 113, 114, 115, 116, 118, 119, 120, 121, 123, 124, 125, 126, 127, 128, 130, 131, 133, 134, 135, 136, 137, 138, 139, 140, 141, 142, 143, 145, 146, 147, 148, 149, 151, 152, 153, 154, 156, 157, 158, 159, 160, 161, 162, 163, 164, 165, 166, 167, 168, 169, 171, 172, 173, 175, 176, 177, 178, 179, 180, 181, 182, 183, 184, 185, 187, 188, 189, 190, 191, 192, 193, 194, 195, 196, 197, 198, 199, 201, 202, 203, 204, 205, 206, 208, 209, 210, 211, 212, 214, 216, 217, 219, 220, 221, 225, 226, 227, 229, 230, 231, 232, 233, 234, 235, 236, 237, 239, 240, 241, 242, 243, 244, 247, 248, 249, 250, 251, 252, 253, 254, 257, 259, 260, 261, 263, 264, 265, 266, 267, 268, 269, 270, 271, 272, 273, 274, 275, 276, 279, 281, 282, 283, 289, 292, 296]

Run number: 3
Best general solution:
Weight left: 2.0
Value: 9748564
Backpack configuration: [0, 1, 2, 3, 4, 5, 6, 8, 9, 10, 11, 12, 14, 15, 16, 17, 21, 22, 23, 24, 25, 26, 29, 30, 31, 32, 33, 34, 35, 36, 37, 38, 39, 41, 42, 43, 44, 45, 46, 47, 48, 49, 50, 51, 54, 55, 56, 59, 60, 61, 62, 64, 65, 66, 67, 68, 69, 70, 71, 72, 73, 74, 75, 76, 80, 82, 83, 84, 85, 86, 87, 88, 89, 90, 91, 92, 93, 94, 95, 96, 97, 98, 99, 101, 102, 103, 104, 106, 108, 109, 111, 112, 115, 116, 117, 118, 119, 120, 121, 122, 123, 124, 125, 126, 128, 129, 130, 132, 133, 135, 137, 138, 140, 142, 143, 144, 146, 147, 148, 149, 154, 157, 158, 159, 160, 161, 163, 164, 165, 166, 167, 168, 169, 170, 173, 175, 176, 177, 178, 181, 183, 184, 187, 188, 190, 191, 192, 193, 195, 196, 197, 198, 200, 201, 202, 203, 204, 206, 207, 208, 209, 210, 211, 212, 213, 214, 215, 216, 217, 218, 219, 221, 222, 223, 224, 225, 226, 227, 228, 230, 232, 233, 235, 236, 237, 238, 239, 240, 242, 244, 246, 247, 248, 249, 252, 253, 254, 257, 258, 260, 262, 263, 264, 267, 268, 269, 271, 272, 273, 274, 275, 276, 277, 278, 279, 281, 282, 283, 284, 285, 287, 290, 291, 292]

Run number: 4
Best general solution:
Weight left: 1.0
Value: 9748966
Backpack configuration: [0, 1, 3, 4, 5, 6, 7, 8, 9, 11, 12, 13, 15, 16, 18, 19, 21, 22, 23, 24, 26, 27, 28, 29, 30, 32, 33, 34, 35, 36, 37, 38, 42, 44, 45, 46, 48, 49, 51, 53, 55, 56, 57, 59, 60, 61, 62, 64, 65, 67, 69, 70, 71, 72, 73, 74, 75, 76, 77, 78, 79, 81, 82, 83, 84, 85, 86, 87, 88, 90, 92, 94, 96, 97, 98, 99, 101, 102, 103, 104, 105, 106, 108, 112, 113, 114, 115, 116, 117, 118, 119, 120, 121, 122, 123, 124, 125, 127, 128, 130, 131, 132, 134, 135, 136, 137, 138, 139, 140, 141, 142, 143, 144, 147, 148, 151, 152, 153, 154, 156, 158, 161, 162, 163, 164, 165, 166, 167, 169, 170, 172, 173, 176, 177, 178, 179, 180, 181, 184, 185, 187, 190, 191, 192, 193, 195, 196, 197, 198, 199, 200, 202, 204, 205, 206, 207, 209, 210, 211, 212, 213, 214, 215, 217, 218, 219, 220, 221, 222, 223, 224, 225, 227, 228, 229, 230, 231, 232, 233, 234, 237, 238, 239, 241, 243, 244, 245, 247, 248, 249, 250, 252, 253, 256, 257, 258, 259, 260, 261, 262, 264, 266, 267, 269, 271, 272, 273, 274, 275, 276, 277, 278, 280, 281, 282, 283, 284, 285, 286, 287, 288, 290, 292, 294, 295, 296]

Run number: 5
Best general solution:
Weight left: 7.0
Value: 9751254
Backpack configuration: [0, 1, 2, 3, 4, 5, 8, 9, 10, 11, 13, 14, 15, 16, 17, 19, 20, 21, 22, 23, 25, 26, 28, 31, 32, 33, 34, 35, 36, 37, 38, 39, 42, 43, 45, 46, 47, 48, 49, 50, 53, 54, 55, 56, 57, 58, 60, 62, 63, 65, 66, 67, 68, 69, 70, 71, 73, 74, 75, 76, 77, 78, 80, 81, 82, 84, 85, 86, 87, 88, 89, 90, 91, 94, 95, 96, 97, 98, 99, 100, 101, 105, 106, 107, 108, 109, 110, 111, 113, 114, 115, 117, 118, 119, 120, 121, 122, 123, 124, 127, 128, 130, 131, 132, 133, 134, 135, 136, 137, 138, 139, 140, 141, 142, 143, 144, 145, 147, 153, 154, 155, 156, 157, 158, 159, 161, 162, 163, 164, 165, 166, 167, 168, 169, 170, 171, 172, 176, 177, 178, 180, 183, 184, 185, 187, 188, 190, 191, 192, 193, 194, 195, 196, 197, 198, 199, 200, 201, 202, 206, 207, 208, 209, 211, 212, 213, 214, 216, 217, 218, 219, 221, 222, 223, 225, 227, 228, 230, 231, 232, 233, 235, 236, 237, 238, 239, 240, 243, 244, 245, 246, 248, 249, 250, 251, 252, 253, 255, 256, 257, 258, 259, 260, 261, 262, 264, 265, 266, 267, 268, 269, 270, 271, 273, 274, 275, 276, 277, 278, 279, 280, 281, 282, 283, 284, 285, 287, 288, 289, 291, 292, 293, 294]

Run number: 6
Best general solution:
Weight left: 5.0
Value: 9746758
Backpack configuration: [1, 2, 3, 4, 6, 7, 9, 10, 11, 13, 14, 15, 16, 17, 20, 22, 23, 24, 25, 26, 27, 28, 29, 30, 32, 33, 34, 35, 37, 38, 39, 40, 41, 42, 43, 44, 45, 47, 48, 50, 53, 54, 55, 57, 58, 61, 62, 63, 65, 66, 67, 68, 69, 70, 71, 72, 73, 75, 76, 77, 80, 81, 82, 83, 84, 85, 86, 87, 89, 90, 92, 93, 94, 95, 96, 97, 98, 99, 100, 101, 102, 104, 106, 107, 108, 111, 112, 113, 115, 116, 117, 118, 119, 120, 121, 122, 123, 124, 126, 127, 128, 131, 132, 133, 134, 135, 136, 137, 138, 139, 140, 142, 143, 144, 145, 146, 147, 149, 151, 154, 155, 156, 158, 159, 160, 161, 162, 163, 165, 168, 169, 170, 171, 172, 173, 175, 176, 177, 178, 179, 180, 181, 182, 184, 187, 188, 189, 191, 192, 193, 196, 197, 198, 199, 200, 201, 202, 203, 205, 206, 207, 208, 209, 210, 211, 212, 215, 216, 217, 218, 219, 220, 221, 222, 223, 224, 225, 226, 227, 228, 229, 230, 231, 232, 233, 235, 236, 237, 238, 239, 242, 243, 244, 245, 246, 247, 249, 251, 256, 259, 261, 262, 264, 266, 267, 269, 271, 272, 273, 275, 276, 277, 278, 279, 281, 282, 284, 285, 288, 291, 295, 296]

Run number: 7
Best general solution:
Weight left: 11.0
Value: 9749746
Backpack configuration: [0, 1, 3, 4, 6, 8, 9, 10, 11, 12, 13, 14, 15, 16, 17, 18, 19, 20, 21, 22, 23, 24, 25, 26, 28, 29, 31, 32, 33, 34, 35, 36, 37, 39, 41, 42, 43, 44, 45, 46, 48, 49, 50, 51, 52, 53, 54, 55, 56, 57, 58, 59, 60, 61, 63, 65, 68, 69, 71, 72, 73, 74, 75, 76, 77, 78, 79, 80, 81, 82, 83, 84, 86, 87, 88, 90, 91, 92, 93, 94, 95, 96, 97, 99, 100, 101, 102, 103, 104, 105, 106, 107, 108, 109, 110, 112, 113, 114, 115, 116, 117, 119, 121, 122, 123, 124, 125, 126, 127, 128, 129, 130, 131, 132, 133, 134, 135, 136, 137, 138, 140, 141, 144, 146, 148, 152, 154, 155, 156, 157, 158, 159, 160, 161, 162, 163, 164, 165, 166, 168, 169, 170, 171, 172, 173, 175, 176, 177, 178, 179, 180, 181, 182, 184, 185, 187, 189, 190, 191, 192, 193, 194, 195, 196, 198, 199, 200, 202, 205, 206, 207, 208, 209, 210, 211, 212, 214, 215, 216, 217, 218, 220, 221, 223, 225, 226, 227, 229, 230, 231, 233, 234, 235, 236, 237, 238, 239, 240, 241, 243, 244, 246, 248, 249, 250, 253, 255, 257, 259, 260, 261, 262, 264, 265, 268, 269, 270, 271, 272, 273, 274, 275, 277, 278, 279, 281, 285, 286, 287, 298]

Run number: 8
Best general solution:
Weight left: 1.0
Value: 9749966
Backpack configuration: [1, 2, 3, 4, 5, 6, 7, 8, 9, 10, 11, 13, 14, 15, 18, 19, 20, 21, 23, 25, 26, 27, 28, 30, 31, 32, 33, 34, 35, 36, 37, 38, 39, 40, 41, 42, 44, 45, 46, 47, 48, 49, 50, 51, 53, 54, 55, 56, 57, 59, 60, 61, 62, 63, 64, 65, 66, 67, 68, 69, 70, 71, 72, 75, 76, 77, 79, 80, 81, 82, 83, 84, 85, 86, 87, 88, 90, 91, 92, 93, 94, 95, 96, 97, 99, 100, 101, 102, 104, 105, 106, 109, 110, 111, 112, 114, 116, 117, 119, 120, 121, 122, 123, 125, 126, 127, 129, 130, 131, 132, 133, 138, 140, 142, 144, 148, 151, 152, 153, 154, 155, 156, 157, 158, 159, 160, 161, 163, 164, 165, 168, 169, 170, 171, 173, 175, 176, 177, 178, 180, 181, 183, 184, 185, 187, 188, 189, 190, 191, 192, 193, 194, 195, 196, 197, 198, 199, 200, 201, 203, 204, 205, 206, 207, 209, 210, 211, 212, 213, 214, 215, 216, 217, 218, 219, 220, 221, 222, 225, 226, 227, 229, 230, 231, 232, 233, 234, 235, 236, 237, 238, 240, 241, 242, 243, 245, 246, 247, 249, 250, 251, 252, 254, 255, 256, 257, 258, 259, 260, 261, 262, 263, 264, 267, 269, 270, 271, 272, 273, 275, 276, 277, 278, 280, 281, 282, 288, 290]

Run number: 9
Best general solution:
Weight left: 36.0
Value: 9749596
Backpack configuration: [0, 1, 2, 3, 5, 6, 8, 9, 10, 11, 12, 13, 14, 16, 17, 18, 19, 21, 22, 24, 25, 27, 28, 29, 31, 33, 34, 35, 36, 37, 38, 39, 40, 41, 43, 44, 45, 46, 47, 48, 49, 50, 51, 54, 55, 56, 58, 59, 60, 61, 62, 63, 66, 68, 69, 71, 73, 74, 76, 78, 79, 80, 81, 82, 83, 84, 85, 86, 87, 88, 89, 91, 93, 94, 95, 96, 97, 98, 99, 100, 102, 103, 105, 106, 107, 109, 111, 112, 113, 114, 115, 116, 117, 118, 119, 120, 121, 123, 124, 125, 126, 127, 128, 129, 130, 131, 132, 133, 134, 135, 136, 138, 139, 140, 141, 142, 143, 144, 145, 147, 148, 150, 151, 153, 154, 155, 156, 157, 159, 160, 161, 162, 163, 165, 167, 168, 169, 170, 172, 173, 175, 176, 178, 179, 180, 181, 182, 183, 184, 185, 186, 188, 189, 190, 191, 192, 193, 194, 195, 197, 198, 199, 200, 201, 202, 205, 206, 208, 209, 211, 212, 214, 215, 216, 217, 218, 219, 220, 221, 222, 223, 224, 225, 226, 229, 231, 232, 233, 234, 235, 236, 237, 238, 239, 240, 241, 242, 244, 245, 246, 247, 248, 249, 250, 252, 254, 255, 256, 257, 258, 261, 262, 263, 264, 265, 269, 270, 271, 274, 275, 276, 277, 278, 279, 280, 281, 282, 290, 292]

Run number: 10
Best general solution:
Weight left: 383.0
Value: 9749902
Backpack configuration: [0, 1, 2, 3, 4, 5, 6, 7, 9, 10, 11, 12, 14, 15, 16, 17, 18, 19, 20, 21, 22, 23, 24, 26, 27, 29, 32, 33, 34, 35, 37, 38, 40, 41, 42, 44, 45, 47, 48, 49, 55, 57, 58, 59, 61, 62, 64, 66, 67, 68, 69, 70, 71, 72, 73, 74, 75, 76, 78, 80, 81, 82, 83, 87, 88, 89, 90, 91, 92, 93, 94, 95, 96, 97, 98, 99, 100, 101, 102, 105, 106, 107, 108, 109, 110, 111, 112, 113, 114, 115, 116, 118, 119, 120, 121, 122, 123, 124, 125, 127, 128, 129, 130, 131, 132, 135, 136, 137, 138, 139, 140, 141, 142, 143, 144, 146, 147, 148, 149, 150, 151, 154, 155, 157, 158, 159, 160, 161, 162, 163, 164, 166, 167, 168, 169, 171, 172, 173, 175, 176, 177, 178, 179, 180, 181, 183, 184, 185, 188, 189, 190, 191, 192, 193, 194, 195, 197, 198, 200, 201, 202, 203, 204, 207, 209, 210, 212, 213, 214, 215, 216, 217, 218, 219, 220, 221, 222, 223, 224, 225, 226, 227, 228, 229, 230, 232, 233, 234, 235, 236, 237, 238, 239, 240, 243, 244, 247, 248, 249, 250, 251, 252, 253, 256, 257, 258, 260, 262, 263, 264, 266, 267, 268, 269, 270, 271, 272, 273, 276, 277, 279, 280, 281, 282, 283, 286, 288, 292, 298]

Run number: 11
Best general solution:
Weight left: 6.0
Value: 9747756
Backpack configuration: [1, 2, 3, 5, 6, 10, 11, 12, 13, 14, 15, 16, 17, 18, 19, 20, 21, 23, 25, 26, 28, 29, 32, 33, 34, 35, 37, 38, 39, 40, 42, 43, 44, 46, 47, 48, 49, 50, 51, 53, 56, 58, 60, 62, 63, 64, 65, 66, 68, 69, 70, 71, 73, 75, 76, 77, 80, 81, 82, 83, 84, 85, 88, 90, 91, 93, 94, 95, 97, 99, 100, 101, 102, 103, 104, 105, 107, 109, 110, 111, 112, 113, 115, 116, 117, 118, 119, 121, 122, 123, 124, 125, 127, 130, 131, 133, 134, 135, 136, 137, 138, 139, 141, 142, 143, 144, 146, 147, 148, 149, 150, 151, 153, 154, 155, 156, 160, 161, 162, 163, 165, 167, 168, 169, 171, 172, 173, 175, 176, 177, 178, 179, 180, 181, 184, 187, 189, 191, 193, 196, 197, 198, 199, 200, 201, 202, 203, 204, 206, 207, 208, 209, 210, 211, 212, 213, 214, 215, 216, 218, 219, 220, 221, 222, 223, 224, 226, 227, 228, 232, 233, 234, 235, 236, 237, 238, 239, 240, 241, 242, 243, 244, 246, 247, 248, 249, 250, 252, 253, 256, 258, 260, 261, 263, 264, 265, 266, 268, 269, 270, 271, 272, 273, 274, 275, 276, 277, 278, 279, 280, 281, 282, 284, 285, 286, 287, 288, 289, 290, 292, 294, 297]

Run number: 12
Best general solution:
Weight left: 3.0
Value: 9748662
Backpack configuration: [0, 2, 3, 5, 6, 8, 10, 11, 12, 13, 14, 15, 16, 18, 21, 22, 23, 24, 26, 28, 29, 30, 31, 32, 33, 34, 35, 36, 37, 38, 39, 40, 41, 42, 43, 44, 45, 46, 47, 48, 49, 50, 51, 53, 54, 55, 57, 58, 60, 61, 62, 63, 67, 68, 69, 70, 71, 72, 73, 74, 75, 76, 77, 78, 80, 81, 83, 85, 87, 89, 90, 91, 92, 93, 94, 96, 97, 99, 100, 101, 105, 106, 107, 108, 110, 111, 112, 113, 114, 115, 116, 117, 118, 120, 121, 122, 123, 124, 125, 126, 127, 128, 129, 130, 131, 132, 134, 135, 136, 137, 139, 140, 141, 142, 143, 144, 145, 146, 148, 150, 151, 153, 154, 155, 156, 157, 158, 161, 162, 163, 164, 165, 166, 168, 169, 171, 172, 173, 175, 176, 178, 179, 180, 182, 183, 185, 187, 188, 189, 190, 192, 193, 195, 197, 198, 199, 200, 201, 203, 204, 205, 206, 207, 209, 211, 213, 214, 215, 216, 217, 218, 219, 221, 222, 223, 224, 225, 226, 227, 230, 231, 232, 233, 234, 235, 236, 237, 238, 239, 240, 242, 244, 245, 246, 247, 248, 249, 250, 251, 254, 255, 256, 257, 258, 259, 260, 261, 262, 263, 264, 265, 266, 267, 268, 269, 270, 271, 272, 273, 274, 275, 276, 277, 279, 280, 281, 282]

Run number: 13
Best general solution:
Weight left: 23.0
Value: 9751022
Backpack configuration: [0, 1, 2, 3, 4, 5, 6, 7, 8, 9, 10, 11, 12, 13, 14, 15, 16, 17, 18, 19, 20, 21, 22, 25, 26, 27, 28, 29, 30, 32, 33, 34, 37, 38, 39, 41, 42, 43, 44, 45, 46, 48, 49, 50, 51, 53, 54, 55, 57, 59, 60, 61, 62, 64, 65, 66, 69, 70, 71, 72, 73, 74, 75, 76, 77, 78, 80, 81, 82, 83, 84, 85, 86, 88, 89, 92, 93, 94, 95, 97, 98, 99, 102, 103, 104, 105, 106, 108, 109, 110, 111, 112, 113, 114, 115, 116, 117, 118, 119, 120, 121, 122, 123, 125, 126, 127, 130, 132, 134, 135, 136, 137, 139, 140, 142, 143, 144, 145, 146, 147, 148, 150, 151, 153, 154, 155, 156, 157, 159, 160, 161, 163, 164, 165, 166, 167, 168, 169, 170, 171, 172, 173, 174, 175, 176, 177, 178, 179, 180, 181, 182, 183, 184, 185, 187, 189, 192, 193, 195, 197, 198, 199, 200, 201, 202, 203, 204, 206, 207, 208, 209, 210, 211, 213, 214, 215, 216, 217, 219, 220, 221, 222, 223, 224, 225, 227, 228, 229, 230, 231, 232, 235, 236, 237, 238, 239, 240, 241, 242, 243, 245, 246, 247, 248, 249, 250, 252, 253, 256, 257, 258, 262, 263, 264, 265, 266, 267, 270, 271, 272, 273, 274, 276, 277, 279, 281, 282, 283, 284, 286, 288]

Run number: 14
Best general solution:
Weight left: 81.0
Value: 9751406
Backpack configuration: [0, 1, 2, 3, 4, 5, 6, 9, 10, 11, 12, 13, 14, 15, 16, 17, 19, 22, 23, 24, 25, 27, 29, 31, 32, 33, 34, 35, 38, 40, 41, 42, 43, 44, 45, 46, 47, 49, 50, 51, 53, 54, 55, 56, 57, 58, 59, 61, 62, 63, 64, 66, 67, 68, 69, 71, 72, 73, 74, 75, 76, 77, 78, 79, 80, 81, 82, 83, 84, 85, 86, 87, 88, 89, 90, 91, 93, 94, 95, 96, 99, 100, 101, 102, 103, 104, 105, 106, 107, 108, 110, 111, 112, 113, 114, 115, 116, 118, 119, 122, 123, 125, 126, 128, 129, 130, 131, 132, 133, 134, 135, 136, 137, 138, 140, 141, 142, 144, 145, 146, 147, 148, 149, 151, 153, 154, 155, 156, 158, 159, 160, 161, 162, 166, 167, 168, 169, 171, 172, 173, 176, 177, 178, 179, 180, 181, 183, 184, 185, 187, 188, 189, 190, 191, 193, 195, 197, 198, 199, 200, 201, 202, 204, 205, 206, 207, 209, 210, 212, 214, 215, 216, 217, 218, 219, 221, 222, 223, 225, 226, 227, 229, 230, 232, 233, 234, 235, 236, 237, 238, 239, 240, 241, 243, 244, 245, 246, 247, 250, 251, 252, 253, 256, 257, 258, 259, 261, 262, 264, 265, 266, 267, 268, 270, 271, 272, 273, 274, 275, 277, 278, 280, 282, 283, 284, 285, 286, 287, 288, 289, 290, 291, 292, 294]

Run number: 15
Best general solution:
Weight left: 1.0
Value: 9750566
Backpack configuration: [0, 2, 3, 4, 6, 8, 10, 11, 12, 13, 14, 15, 16, 17, 18, 19, 21, 22, 23, 25, 26, 27, 28, 30, 31, 32, 33, 34, 35, 37, 38, 39, 41, 42, 43, 44, 45, 47, 48, 49, 50, 51, 54, 55, 56, 57, 58, 59, 60, 62, 63, 65, 66, 67, 68, 69, 70, 71, 73, 74, 75, 76, 77, 78, 80, 82, 83, 84, 86, 88, 89, 90, 91, 92, 93, 94, 96, 97, 98, 99, 100, 101, 102, 103, 104, 105, 106, 107, 108, 111, 112, 113, 114, 115, 116, 117, 118, 119, 120, 122, 124, 125, 126, 127, 128, 129, 131, 133, 135, 136, 137, 139, 140, 141, 142, 144, 145, 146, 147, 148, 149, 150, 151, 152, 153, 154, 155, 156, 157, 158, 161, 162, 163, 164, 168, 169, 170, 171, 172, 173, 175, 176, 179, 180, 181, 182, 184, 185, 188, 189, 191, 192, 193, 197, 198, 199, 200, 201, 202, 204, 205, 206, 207, 208, 209, 210, 211, 213, 214, 216, 217, 218, 219, 222, 223, 224, 225, 226, 227, 228, 229, 230, 231, 233, 234, 235, 237, 238, 239, 242, 243, 244, 246, 247, 249, 250, 251, 253, 254, 256, 257, 258, 261, 262, 263, 264, 266, 267, 269, 270, 271, 273, 274, 275, 276, 277, 278, 279, 280, 281, 283, 284, 285, 287, 288, 289, 290, 291, 292, 293]

Run number: 16
Best general solution:
Weight left: 208.0
Value: 9753652
Backpack configuration: [0, 1, 2, 3, 4, 5, 8, 9, 13, 14, 15, 16, 17, 18, 19, 21, 22, 23, 24, 25, 26, 27, 28, 29, 30, 31, 33, 34, 35, 37, 38, 41, 42, 43, 44, 45, 47, 48, 49, 50, 51, 53, 54, 55, 56, 58, 59, 60, 61, 63, 64, 66, 67, 68, 69, 70, 71, 72, 73, 74, 75, 76, 78, 79, 81, 82, 83, 84, 85, 86, 87, 88, 89, 90, 91, 92, 93, 95, 96, 97, 98, 100, 101, 102, 105, 106, 107, 108, 109, 110, 111, 112, 113, 115, 116, 117, 118, 120, 121, 122, 123, 128, 129, 130, 132, 134, 135, 136, 137, 138, 139, 140, 141, 142, 143, 144, 145, 146, 147, 148, 149, 150, 153, 154, 155, 156, 157, 159, 160, 161, 162, 163, 165, 167, 168, 170, 171, 172, 173, 175, 176, 177, 178, 179, 180, 181, 182, 183, 184, 185, 186, 187, 188, 189, 190, 191, 192, 193, 195, 196, 197, 198, 199, 201, 202, 203, 206, 207, 208, 209, 210, 211, 212, 213, 214, 215, 216, 217, 218, 219, 220, 221, 222, 223, 224, 226, 227, 229, 230, 231, 232, 233, 234, 235, 236, 237, 238, 239, 240, 241, 242, 243, 244, 245, 246, 247, 248, 249, 250, 251, 252, 253, 255, 256, 258, 259, 262, 263, 264, 265, 266, 267, 269, 270, 271, 272, 273, 275, 276, 277, 278, 279, 280, 282, 283, 285, 290, 292, 294]

Run number: 17
Best general solution:
Weight left: 0.0
Value: 9749768
Backpack configuration: [0, 1, 2, 3, 4, 5, 6, 7, 8, 9, 10, 11, 12, 14, 15, 16, 17, 18, 19, 20, 21, 22, 23, 25, 28, 29, 30, 31, 32, 33, 34, 35, 36, 38, 40, 41, 42, 43, 44, 45, 46, 47, 50, 51, 53, 54, 55, 56, 58, 59, 60, 61, 64, 65, 66, 67, 68, 69, 70, 71, 72, 74, 75, 76, 77, 79, 80, 81, 82, 83, 84, 85, 86, 87, 88, 89, 90, 91, 93, 94, 95, 96, 97, 98, 99, 101, 102, 103, 106, 107, 109, 110, 111, 112, 114, 117, 118, 121, 124, 125, 126, 127, 128, 129, 130, 131, 132, 133, 134, 136, 137, 138, 139, 142, 143, 145, 150, 151, 152, 153, 154, 155, 156, 157, 158, 159, 160, 161, 162, 163, 165, 166, 167, 168, 169, 170, 171, 173, 175, 176, 178, 179, 180, 181, 182, 183, 184, 185, 186, 188, 190, 191, 192, 193, 194, 195, 196, 197, 200, 201, 202, 203, 205, 206, 209, 210, 211, 214, 215, 216, 217, 218, 219, 220, 221, 222, 224, 225, 226, 227, 229, 230, 231, 232, 233, 234, 235, 236, 237, 238, 239, 240, 241, 242, 243, 244, 245, 246, 247, 248, 249, 251, 252, 253, 256, 257, 259, 260, 261, 262, 264, 267, 268, 271, 274, 275, 276, 277, 278, 279, 280, 281, 282, 283, 284, 285, 288, 290]

Run number: 18
Best general solution:
Weight left: 4.0
Value: 9746960
Backpack configuration: [1, 2, 3, 4, 5, 6, 7, 8, 9, 10, 11, 12, 13, 15, 16, 17, 20, 21, 22, 23, 25, 26, 28, 29, 30, 31, 32, 33, 34, 35, 36, 37, 40, 41, 42, 43, 44, 45, 46, 47, 49, 50, 53, 54, 55, 56, 57, 58, 59, 60, 61, 62, 65, 66, 67, 68, 70, 71, 73, 74, 75, 77, 78, 79, 81, 82, 83, 84, 86, 87, 88, 91, 93, 95, 96, 98, 100, 101, 102, 103, 104, 105, 106, 107, 108, 109, 110, 111, 112, 113, 114, 115, 117, 118, 119, 120, 121, 122, 123, 125, 126, 128, 129, 130, 131, 132, 136, 137, 138, 139, 140, 141, 142, 143, 144, 145, 149, 150, 151, 152, 154, 155, 157, 158, 159, 161, 163, 164, 167, 169, 170, 171, 172, 173, 176, 177, 178, 179, 181, 184, 185, 186, 188, 190, 191, 192, 194, 195, 196, 197, 198, 199, 200, 201, 203, 204, 206, 207, 210, 212, 213, 214, 215, 216, 217, 218, 219, 220, 221, 222, 224, 225, 226, 227, 230, 231, 232, 234, 236, 237, 238, 239, 240, 242, 243, 244, 245, 246, 247, 248, 249, 250, 251, 252, 253, 255, 256, 257, 260, 261, 262, 263, 265, 266, 267, 268, 269, 270, 271, 272, 273, 274, 276, 277, 278, 279, 280, 281, 282, 284, 288, 292]

Run number: 19
Best general solution:
Weight left: 1.0
Value: 9749066
Backpack configuration: [0, 1, 2, 3, 4, 5, 7, 8, 9, 10, 11, 12, 13, 15, 16, 17, 18, 19, 20, 21, 22, 23, 24, 25, 26, 28, 29, 30, 32, 35, 36, 38, 39, 41, 43, 45, 46, 47, 48, 49, 50, 51, 53, 55, 56, 57, 58, 60, 61, 62, 63, 64, 65, 66, 67, 68, 69, 70, 72, 74, 75, 76, 77, 78, 79, 81, 82, 83, 84, 85, 86, 90, 93, 94, 98, 99, 102, 103, 104, 105, 106, 107, 109, 110, 112, 113, 114, 115, 116, 117, 119, 120, 121, 122, 124, 125, 126, 127, 128, 131, 133, 134, 135, 137, 138, 139, 140, 141, 142, 143, 144, 145, 146, 147, 148, 150, 151, 154, 155, 156, 157, 159, 160, 161, 162, 163, 164, 165, 166, 168, 169, 171, 172, 173, 175, 176, 177, 178, 179, 180, 181, 184, 185, 187, 188, 189, 191, 192, 193, 195, 197, 199, 200, 201, 202, 203, 204, 205, 206, 207, 208, 212, 214, 215, 217, 218, 219, 220, 222, 223, 226, 227, 229, 230, 231, 232, 234, 235, 237, 238, 239, 240, 241, 243, 244, 246, 247, 248, 253, 255, 256, 258, 259, 261, 262, 263, 264, 265, 266, 267, 268, 269, 270, 271, 272, 273, 274, 275, 276, 277, 278, 279, 280, 281, 283, 285, 286, 287, 288, 289, 290, 292, 293, 294, 295, 296, 297]

Run number: 20
Best general solution:
Weight left: 63.0
Value: 9749342
Backpack configuration: [0, 2, 3, 4, 5, 6, 7, 8, 9, 12, 13, 14, 15, 16, 17, 19, 20, 21, 22, 23, 24, 25, 26, 28, 29, 30, 31, 32, 33, 34, 35, 37, 38, 39, 40, 43, 44, 45, 46, 47, 48, 49, 50, 51, 54, 55, 56, 59, 60, 61, 62, 63, 65, 66, 70, 71, 72, 74, 75, 76, 77, 78, 80, 82, 83, 84, 85, 86, 88, 89, 90, 91, 92, 93, 94, 96, 99, 100, 101, 102, 106, 107, 109, 110, 111, 112, 114, 116, 117, 118, 119, 120, 121, 122, 123, 124, 125, 126, 127, 128, 129, 130, 131, 132, 133, 134, 135, 136, 137, 138, 139, 140, 141, 142, 144, 146, 148, 149, 150, 153, 155, 156, 157, 159, 160, 161, 162, 163, 164, 165, 166, 167, 168, 169, 173, 175, 176, 177, 178, 179, 180, 181, 182, 185, 187, 188, 189, 190, 191, 192, 193, 195, 197, 198, 199, 200, 201, 202, 203, 204, 206, 207, 208, 209, 210, 212, 214, 216, 218, 219, 220, 222, 223, 224, 225, 226, 227, 228, 229, 230, 231, 232, 233, 235, 236, 237, 238, 240, 241, 242, 243, 245, 246, 247, 248, 249, 250, 251, 252, 253, 254, 255, 256, 257, 258, 260, 261, 264, 265, 266, 267, 268, 269, 270, 271, 272, 274, 275, 276, 277, 280, 281, 282, 283, 288, 290, 292]

Run number: 21
Best general solution:
Weight left: 0.0
Value: 9749968
Backpack configuration: [0, 2, 3, 4, 5, 6, 7, 8, 9, 10, 11, 13, 14, 15, 16, 17, 18, 19, 20, 21, 23, 24, 25, 29, 30, 31, 32, 33, 34, 35, 37, 38, 39, 41, 43, 44, 45, 46, 47, 49, 50, 51, 53, 54, 55, 56, 58, 59, 61, 62, 63, 64, 66, 67, 68, 69, 71, 72, 73, 76, 77, 78, 80, 82, 83, 84, 85, 86, 87, 88, 89, 91, 92, 93, 94, 95, 99, 100, 102, 104, 105, 109, 110, 112, 113, 114, 115, 116, 117, 118, 119, 120, 122, 123, 124, 125, 126, 127, 128, 131, 132, 133, 134, 135, 136, 137, 138, 140, 141, 142, 143, 144, 146, 147, 149, 150, 151, 152, 153, 154, 156, 159, 161, 162, 163, 164, 165, 166, 167, 168, 169, 171, 172, 173, 175, 176, 177, 178, 179, 180, 181, 182, 183, 184, 185, 186, 187, 189, 191, 192, 193, 194, 195, 196, 197, 198, 199, 200, 201, 203, 204, 205, 207, 208, 209, 210, 212, 214, 215, 216, 218, 219, 223, 224, 225, 226, 228, 229, 230, 231, 232, 234, 235, 236, 237, 242, 243, 244, 245, 246, 247, 250, 251, 252, 253, 254, 256, 257, 259, 260, 261, 262, 263, 264, 265, 267, 268, 269, 271, 273, 274, 275, 276, 277, 278, 279, 280, 281, 282, 283, 284, 285, 286, 289, 290, 291, 292, 293, 295, 297]

Run number: 22
Best general solution:
Weight left: 1.0
Value: 9748766
Backpack configuration: [0, 2, 4, 5, 6, 8, 10, 13, 14, 15, 16, 17, 18, 19, 20, 21, 24, 25, 27, 28, 29, 30, 31, 32, 34, 35, 36, 37, 38, 39, 41, 42, 45, 46, 47, 48, 50, 51, 53, 55, 56, 60, 61, 62, 63, 64, 65, 66, 69, 72, 75, 76, 77, 78, 79, 81, 82, 83, 84, 85, 86, 89, 92, 93, 94, 96, 98, 99, 101, 102, 104, 106, 107, 109, 110, 111, 113, 114, 115, 116, 117, 118, 119, 120, 121, 122, 123, 124, 125, 126, 128, 129, 130, 132, 136, 138, 139, 140, 141, 142, 143, 144, 146, 147, 148, 149, 150, 151, 152, 153, 155, 156, 157, 158, 159, 160, 161, 162, 163, 166, 167, 169, 170, 171, 172, 173, 175, 178, 179, 180, 181, 182, 183, 184, 185, 188, 189, 190, 191, 192, 193, 194, 196, 197, 198, 199, 200, 201, 202, 203, 204, 205, 206, 207, 208, 210, 211, 212, 213, 214, 216, 217, 219, 220, 221, 222, 223, 224, 225, 226, 227, 228, 229, 230, 231, 234, 236, 237, 239, 241, 242, 243, 244, 245, 247, 248, 249, 250, 251, 252, 253, 255, 256, 257, 258, 259, 260, 261, 262, 264, 266, 269, 272, 273, 275, 276, 277, 278, 280, 281, 282, 283, 286, 287, 288, 289, 290, 291, 292, 293, 294, 295, 296, 297]

Run number: 23
Best general solution:
Weight left: 85.0
Value: 9748898
Backpack configuration: [0, 3, 4, 5, 6, 7, 9, 10, 11, 12, 14, 15, 16, 17, 18, 19, 20, 21, 22, 23, 25, 26, 27, 29, 30, 31, 32, 34, 35, 36, 37, 38, 39, 40, 41, 42, 43, 44, 45, 46, 47, 48, 49, 50, 51, 52, 54, 55, 58, 59, 62, 63, 64, 65, 66, 68, 69, 70, 71, 72, 73, 74, 75, 76, 80, 81, 82, 83, 84, 85, 86, 88, 89, 90, 92, 93, 94, 95, 96, 97, 98, 101, 102, 103, 104, 107, 108, 110, 111, 112, 113, 115, 117, 118, 120, 121, 122, 123, 124, 125, 126, 127, 128, 129, 130, 131, 132, 133, 135, 137, 138, 139, 140, 141, 143, 144, 146, 147, 148, 149, 150, 154, 155, 156, 157, 159, 160, 161, 162, 163, 164, 165, 166, 167, 168, 169, 170, 171, 172, 173, 175, 176, 177, 178, 179, 180, 181, 182, 185, 186, 187, 188, 189, 190, 191, 192, 193, 194, 195, 197, 199, 200, 201, 202, 204, 205, 208, 209, 212, 213, 215, 216, 218, 219, 220, 221, 222, 223, 224, 225, 226, 227, 230, 231, 232, 233, 234, 235, 236, 238, 239, 240, 242, 243, 244, 245, 246, 247, 248, 249, 250, 251, 252, 253, 256, 257, 258, 260, 261, 262, 263, 265, 267, 268, 270, 271, 272, 273, 274, 275, 276, 277, 278, 279, 280, 288, 290]

Run number: 24
Best general solution:
Weight left: 10.0
Value: 9748748
Backpack configuration: [1, 2, 3, 5, 6, 7, 10, 13, 14, 17, 18, 19, 20, 21, 22, 25, 26, 27, 28, 30, 32, 33, 34, 35, 36, 37, 39, 40, 43, 45, 46, 48, 49, 51, 53, 54, 55, 56, 57, 59, 61, 62, 63, 64, 65, 66, 67, 68, 69, 71, 72, 73, 74, 75, 76, 77, 78, 79, 80, 82, 83, 85, 86, 87, 88, 89, 90, 92, 93, 94, 95, 98, 100, 101, 102, 103, 104, 105, 106, 107, 110, 112, 113, 114, 115, 116, 117, 118, 120, 121, 122, 125, 126, 127, 129, 130, 131, 132, 133, 134, 135, 136, 138, 139, 141, 143, 144, 145, 146, 147, 148, 149, 150, 151, 153, 154, 155, 156, 157, 159, 160, 161, 162, 165, 166, 167, 168, 169, 170, 171, 172, 173, 175, 176, 177, 178, 179, 180, 183, 185, 187, 188, 189, 190, 191, 192, 193, 195, 196, 197, 198, 199, 200, 201, 202, 203, 204, 205, 206, 207, 209, 210, 211, 212, 213, 216, 219, 220, 221, 222, 223, 224, 225, 226, 227, 228, 229, 230, 231, 232, 233, 234, 235, 236, 237, 238, 240, 241, 242, 243, 245, 246, 247, 249, 250, 251, 252, 253, 255, 256, 257, 258, 259, 261, 263, 266, 267, 268, 269, 270, 272, 273, 274, 275, 276, 277, 278, 279, 280, 281, 283, 284, 286, 288, 290, 294]

Run number: 25
Best general solution:
Weight left: 1.0
Value: 9746666
Backpack configuration: [1, 2, 3, 4, 5, 6, 7, 8, 9, 10, 11, 12, 14, 15, 18, 19, 20, 21, 22, 23, 24, 27, 28, 29, 30, 31, 32, 33, 34, 35, 36, 37, 40, 42, 45, 46, 47, 48, 49, 50, 51, 53, 54, 55, 57, 58, 59, 60, 61, 62, 63, 64, 65, 66, 67, 68, 69, 71, 72, 73, 74, 75, 76, 77, 78, 82, 84, 85, 86, 87, 88, 89, 91, 92, 93, 94, 95, 96, 97, 98, 99, 100, 101, 102, 103, 104, 105, 106, 107, 108, 109, 112, 113, 115, 116, 117, 118, 121, 122, 123, 124, 125, 126, 127, 128, 129, 130, 132, 133, 134, 136, 137, 138, 139, 140, 142, 143, 144, 145, 146, 147, 148, 150, 151, 153, 154, 155, 156, 157, 158, 160, 161, 162, 163, 164, 166, 167, 168, 169, 170, 171, 172, 173, 176, 177, 178, 179, 180, 181, 184, 185, 187, 188, 190, 195, 196, 197, 198, 199, 200, 201, 202, 203, 204, 207, 208, 210, 211, 212, 216, 219, 220, 221, 222, 224, 225, 227, 228, 229, 231, 232, 233, 234, 235, 237, 238, 239, 240, 242, 243, 244, 245, 246, 247, 249, 250, 251, 252, 254, 255, 256, 257, 258, 259, 260, 262, 264, 265, 266, 267, 268, 269, 271, 273, 274, 275, 276, 279, 282, 287, 290]

Run number: 26
Best general solution:
Weight left: 24.0
Value: 9752020
Backpack configuration: [1, 2, 3, 4, 5, 6, 7, 8, 10, 11, 14, 15, 16, 17, 18, 19, 20, 21, 22, 23, 24, 25, 26, 31, 32, 33, 34, 35, 36, 37, 38, 39, 40, 41, 42, 43, 44, 45, 46, 47, 49, 50, 51, 53, 54, 55, 57, 58, 59, 60, 61, 62, 63, 64, 65, 68, 69, 70, 71, 72, 73, 74, 75, 76, 77, 78, 80, 81, 82, 83, 85, 86, 87, 88, 89, 90, 91, 92, 93, 94, 96, 97, 98, 99, 100, 101, 102, 103, 104, 105, 107, 109, 112, 113, 114, 115, 116, 117, 119, 120, 124, 125, 126, 127, 128, 129, 130, 131, 132, 133, 134, 135, 137, 138, 139, 140, 142, 143, 144, 146, 147, 150, 151, 152, 153, 154, 155, 158, 159, 160, 161, 162, 163, 164, 165, 166, 168, 169, 171, 172, 173, 175, 176, 177, 178, 179, 180, 181, 182, 183, 184, 186, 187, 188, 189, 191, 192, 193, 195, 196, 197, 198, 199, 200, 201, 202, 203, 204, 205, 206, 207, 208, 209, 210, 211, 212, 213, 214, 215, 216, 217, 218, 219, 220, 222, 223, 224, 226, 227, 228, 229, 232, 233, 234, 235, 236, 237, 238, 239, 240, 242, 243, 244, 246, 247, 248, 249, 250, 251, 253, 254, 255, 256, 257, 258, 259, 261, 262, 263, 265, 268, 269, 271, 272, 273, 274, 275, 276, 277, 278, 279, 281, 282, 288, 292]

Run number: 27
Best general solution:
Weight left: 17.0
Value: 9748034
Backpack configuration: [0, 2, 3, 4, 5, 6, 7, 8, 10, 11, 12, 13, 14, 15, 18, 20, 21, 23, 24, 25, 26, 28, 29, 30, 31, 33, 34, 35, 36, 37, 38, 39, 40, 41, 42, 44, 46, 47, 48, 49, 51, 52, 53, 54, 55, 56, 58, 59, 60, 61, 62, 63, 65, 66, 68, 69, 70, 72, 74, 77, 78, 79, 80, 82, 83, 84, 86, 87, 89, 90, 92, 93, 95, 96, 97, 98, 99, 102, 106, 108, 112, 113, 114, 115, 116, 117, 118, 119, 121, 122, 123, 126, 128, 132, 133, 134, 135, 136, 137, 138, 139, 140, 143, 144, 145, 146, 147, 148, 149, 151, 152, 153, 154, 155, 156, 157, 158, 159, 160, 161, 162, 163, 164, 165, 166, 168, 169, 171, 172, 173, 175, 179, 180, 181, 182, 183, 185, 186, 187, 188, 189, 190, 191, 192, 193, 194, 196, 197, 198, 200, 201, 205, 207, 209, 210, 211, 212, 213, 214, 215, 216, 217, 218, 219, 220, 222, 223, 224, 225, 226, 227, 229, 230, 231, 232, 233, 234, 236, 237, 240, 241, 242, 243, 244, 245, 246, 247, 248, 249, 250, 251, 252, 253, 256, 257, 258, 260, 261, 263, 264, 267, 268, 269, 272, 273, 275, 278, 279, 280, 281, 282, 283, 284, 285, 286, 287, 288, 289, 290, 292, 294, 295, 298]

Run number: 28
Best general solution:
Weight left: 1.0
Value: 9753166
Backpack configuration: [0, 1, 3, 4, 5, 6, 7, 8, 9, 10, 11, 13, 14, 15, 16, 17, 18, 19, 20, 21, 22, 23, 26, 27, 28, 29, 30, 31, 32, 33, 34, 35, 36, 37, 38, 39, 41, 42, 44, 45, 47, 48, 49, 50, 51, 55, 57, 58, 59, 61, 62, 63, 64, 65, 68, 69, 70, 71, 72, 73, 74, 75, 76, 77, 78, 79, 80, 81, 82, 83, 85, 86, 87, 88, 91, 92, 93, 95, 96, 97, 98, 99, 101, 102, 103, 104, 105, 107, 108, 109, 110, 111, 112, 113, 114, 115, 116, 117, 118, 119, 120, 121, 122, 123, 127, 128, 130, 131, 132, 134, 135, 136, 137, 138, 139, 140, 141, 143, 144, 145, 146, 147, 148, 150, 153, 154, 155, 156, 157, 158, 159, 160, 161, 162, 163, 164, 165, 166, 167, 168, 169, 170, 171, 172, 173, 175, 176, 177, 178, 179, 180, 181, 182, 184, 187, 188, 190, 191, 192, 193, 194, 195, 196, 197, 198, 199, 200, 201, 202, 203, 204, 205, 206, 207, 208, 209, 210, 211, 212, 213, 214, 215, 216, 217, 218, 220, 221, 222, 223, 224, 225, 226, 227, 228, 229, 230, 231, 232, 233, 236, 237, 238, 239, 240, 241, 242, 243, 244, 245, 247, 248, 249, 250, 251, 252, 253, 254, 258, 259, 262, 264, 265, 266, 267, 268, 269, 271, 272, 274, 275, 276, 277, 278, 279, 280, 288]

Run number: 29
Best general solution:
Weight left: 10.0
Value: 9749448
Backpack configuration: [0, 1, 2, 5, 6, 7, 9, 10, 12, 13, 14, 15, 16, 18, 19, 20, 21, 22, 23, 24, 25, 26, 27, 29, 30, 31, 32, 33, 35, 37, 38, 39, 41, 42, 43, 44, 45, 46, 47, 48, 49, 50, 52, 53, 54, 58, 60, 61, 62, 64, 65, 66, 67, 68, 69, 70, 71, 74, 75, 76, 77, 78, 79, 80, 81, 82, 83, 84, 86, 87, 88, 93, 94, 95, 96, 97, 98, 99, 100, 101, 103, 104, 105, 107, 109, 110, 111, 113, 114, 115, 116, 117, 119, 120, 121, 122, 123, 125, 126, 127, 128, 130, 132, 133, 135, 136, 138, 139, 140, 142, 143, 144, 145, 147, 148, 149, 150, 152, 153, 154, 155, 157, 158, 159, 162, 163, 164, 166, 167, 168, 169, 170, 171, 172, 173, 175, 176, 177, 178, 179, 180, 181, 182, 183, 185, 187, 188, 189, 190, 191, 192, 193, 194, 195, 196, 197, 198, 199, 200, 201, 202, 203, 204, 206, 207, 208, 209, 211, 212, 213, 214, 216, 217, 218, 219, 220, 221, 222, 223, 224, 225, 226, 227, 228, 229, 230, 231, 232, 234, 235, 236, 237, 238, 239, 240, 241, 242, 243, 244, 245, 248, 249, 252, 253, 255, 256, 257, 258, 261, 262, 263, 266, 267, 269, 270, 271, 273, 274, 276, 277, 278, 279, 280, 281, 290, 292, 296]

Run number: 30
Best general solution:
Weight left: 2.0
Value: 9749064
Backpack configuration: [1, 2, 3, 4, 5, 6, 7, 8, 9, 10, 12, 14, 16, 17, 19, 20, 21, 22, 23, 24, 25, 26, 27, 30, 31, 32, 33, 34, 35, 36, 37, 38, 39, 40, 41, 42, 43, 44, 45, 46, 47, 48, 49, 50, 51, 52, 53, 54, 55, 56, 57, 58, 60, 61, 63, 64, 65, 66, 67, 68, 69, 70, 71, 72, 73, 74, 75, 76, 78, 79, 80, 81, 82, 83, 84, 85, 86, 88, 89, 91, 92, 93, 94, 96, 97, 99, 100, 101, 103, 104, 106, 107, 108, 109, 110, 111, 112, 113, 114, 115, 116, 118, 119, 121, 122, 123, 124, 125, 126, 127, 128, 129, 130, 131, 132, 133, 134, 136, 137, 139, 140, 141, 142, 143, 144, 145, 146, 147, 148, 149, 150, 152, 153, 154, 156, 157, 159, 160, 163, 164, 165, 166, 167, 169, 170, 171, 172, 173, 175, 176, 177, 178, 179, 180, 181, 182, 184, 185, 186, 187, 188, 189, 190, 191, 192, 193, 194, 195, 198, 199, 200, 201, 203, 204, 206, 207, 209, 210, 211, 213, 215, 216, 217, 218, 219, 220, 221, 222, 223, 224, 225, 227, 229, 230, 231, 233, 234, 235, 238, 239, 240, 241, 242, 243, 245, 246, 249, 250, 251, 252, 253, 255, 256, 257, 258, 261, 262, 263, 264, 266, 267, 269, 270, 273, 274]