

Run number: 1
Best general solution:
Weight left: 27.0
Value: 9746414
Backpack configuration: [0, 1, 2, 3, 4, 5, 6, 7, 8, 9, 10, 11, 12, 14, 15, 16, 20, 21, 22, 23, 25, 26, 27, 28, 31, 33, 35, 36, 38, 39, 42, 43, 44, 45, 46, 47, 48, 49, 50, 51, 53, 54, 55, 56, 57, 58, 60, 61, 62, 63, 64, 65, 66, 67, 71, 73, 74, 75, 76, 78, 80, 81, 82, 83, 84, 86, 88, 89, 90, 91, 94, 95, 96, 97, 99, 100, 101, 103, 104, 106, 108, 109, 110, 111, 112, 113, 114, 115, 117, 118, 120, 121, 122, 123, 124, 125, 126, 128, 129, 130, 131, 132, 133, 134, 135, 136, 137, 138, 140, 141, 142, 143, 144, 146, 147, 148, 149, 152, 153, 155, 157, 158, 160, 164, 165, 167, 168, 169, 170, 171, 172, 173, 174, 175, 176, 177, 179, 180, 182, 183, 184, 185, 186, 187, 188, 189, 190, 191, 192, 193, 194, 195, 196, 197, 198, 199, 200, 201, 202, 204, 208, 209, 210, 215, 216, 217, 218, 219, 220, 221, 223, 224, 225, 226, 227, 228, 229, 230, 231, 232, 233, 234, 235, 237, 239, 241, 243, 244, 245, 246, 247, 250, 251, 252, 253, 254, 257, 258, 259, 261, 262, 263, 264, 265, 266, 267, 268, 269, 272, 273, 274, 276, 277, 279, 280, 282, 283, 287, 288, 292, 294]

Run number: 2
Best general solution:
Weight left: 6.0
Value: 9751256
Backpack configuration: [0, 1, 2, 3, 4, 5, 6, 7, 8, 9, 10, 11, 12, 13, 14, 15, 16, 17, 18, 19, 20, 21, 23, 25, 26, 27, 29, 30, 31, 32, 33, 34, 35, 36, 37, 38, 39, 40, 41, 42, 43, 44, 46, 47, 48, 51, 53, 55, 56, 57, 58, 59, 60, 62, 63, 64, 65, 66, 67, 68, 69, 70, 72, 74, 76, 77, 78, 81, 83, 84, 86, 88, 89, 90, 91, 92, 93, 94, 95, 96, 97, 98, 99, 100, 101, 102, 103, 104, 105, 108, 109, 111, 114, 115, 116, 117, 118, 119, 121, 123, 125, 126, 128, 129, 130, 132, 133, 134, 135, 136, 138, 139, 140, 141, 142, 143, 144, 145, 146, 147, 148, 149, 150, 151, 152, 153, 154, 156, 157, 158, 159, 161, 163, 164, 165, 166, 167, 168, 169, 170, 171, 172, 173, 175, 176, 177, 178, 179, 180, 182, 185, 186, 187, 189, 191, 193, 194, 195, 196, 197, 198, 199, 200, 201, 202, 203, 204, 207, 208, 210, 211, 212, 213, 214, 216, 217, 218, 219, 221, 222, 223, 224, 225, 226, 227, 228, 229, 231, 232, 233, 236, 237, 238, 239, 240, 241, 242, 243, 244, 245, 246, 247, 248, 249, 250, 252, 253, 255, 256, 257, 258, 260, 261, 262, 263, 264, 265, 267, 268, 269, 271, 272, 273, 274, 275, 279, 281, 282, 288, 290, 292]

Run number: 3
Best general solution:
Weight left: 1.0
Value: 9745666
Backpack configuration: [1, 2, 3, 5, 6, 8, 9, 10, 11, 12, 14, 15, 16, 17, 19, 21, 22, 23, 24, 25, 26, 29, 30, 31, 32, 33, 34, 35, 36, 37, 38, 39, 43, 44, 45, 46, 47, 48, 52, 53, 54, 55, 56, 57, 58, 59, 60, 61, 62, 63, 64, 65, 66, 67, 68, 69, 71, 72, 73, 74, 76, 77, 79, 80, 82, 85, 87, 88, 89, 90, 94, 95, 96, 97, 98, 99, 100, 101, 103, 104, 106, 107, 110, 111, 112, 115, 116, 117, 118, 119, 121, 122, 123, 127, 128, 130, 131, 133, 134, 135, 136, 138, 139, 140, 141, 142, 143, 144, 145, 146, 147, 148, 149, 150, 151, 153, 156, 158, 159, 160, 162, 163, 165, 166, 167, 168, 169, 170, 171, 172, 173, 175, 176, 178, 180, 181, 182, 183, 184, 185, 187, 188, 189, 190, 191, 192, 193, 194, 195, 196, 197, 198, 199, 200, 202, 203, 208, 212, 215, 216, 217, 218, 219, 220, 221, 222, 223, 224, 225, 226, 227, 230, 231, 233, 234, 235, 236, 237, 239, 240, 241, 242, 244, 245, 246, 247, 248, 250, 251, 252, 253, 255, 257, 258, 259, 261, 262, 263, 264, 265, 266, 267, 270, 271, 272, 273, 275, 276, 277, 279, 281, 282, 283, 284, 285, 288, 291, 292, 293]

Run number: 4
Best general solution:
Weight left: 17.0
Value: 9747834
Backpack configuration: [0, 2, 3, 4, 5, 9, 10, 11, 12, 13, 14, 15, 16, 17, 18, 19, 20, 21, 22, 23, 26, 27, 28, 29, 30, 31, 33, 34, 35, 37, 38, 39, 40, 42, 44, 45, 46, 47, 48, 49, 50, 51, 52, 53, 54, 55, 56, 57, 59, 60, 61, 62, 63, 67, 68, 69, 71, 73, 74, 75, 76, 77, 80, 81, 82, 84, 85, 86, 87, 88, 90, 91, 92, 93, 94, 95, 96, 97, 99, 101, 102, 105, 107, 108, 109, 110, 113, 114, 115, 116, 118, 119, 120, 121, 122, 123, 124, 125, 126, 128, 129, 133, 134, 136, 137, 138, 139, 140, 141, 142, 143, 146, 148, 149, 150, 153, 154, 155, 157, 159, 160, 161, 162, 163, 164, 165, 166, 168, 169, 170, 171, 172, 173, 175, 176, 177, 178, 179, 180, 181, 182, 184, 186, 187, 188, 189, 190, 192, 193, 195, 196, 197, 198, 199, 200, 201, 202, 203, 204, 205, 206, 207, 209, 210, 211, 212, 213, 216, 217, 218, 219, 221, 222, 223, 224, 225, 226, 227, 229, 230, 231, 232, 234, 235, 236, 237, 238, 240, 241, 242, 243, 244, 245, 246, 247, 249, 250, 251, 252, 255, 257, 258, 259, 260, 261, 263, 264, 266, 268, 269, 270, 271, 272, 273, 274, 275, 276, 278, 279, 281, 283, 284, 288]

Run number: 5
Best general solution:
Weight left: 11.0
Value: 9748446
Backpack configuration: [0, 1, 2, 3, 5, 6, 8, 9, 10, 11, 12, 13, 14, 15, 17, 19, 20, 21, 22, 26, 27, 28, 30, 32, 33, 35, 36, 38, 39, 41, 42, 44, 46, 47, 48, 49, 50, 51, 53, 54, 55, 56, 57, 59, 60, 61, 62, 63, 65, 67, 68, 69, 70, 71, 72, 74, 75, 76, 77, 78, 79, 80, 81, 82, 83, 84, 85, 86, 87, 88, 90, 93, 94, 95, 96, 98, 100, 101, 102, 105, 107, 108, 109, 110, 111, 113, 114, 115, 116, 117, 118, 119, 121, 122, 123, 124, 125, 127, 128, 129, 130, 132, 133, 134, 135, 137, 138, 139, 140, 141, 142, 143, 144, 147, 148, 149, 150, 151, 153, 154, 158, 159, 160, 161, 162, 164, 165, 166, 167, 168, 169, 170, 171, 172, 173, 175, 176, 178, 179, 180, 181, 182, 184, 185, 188, 189, 191, 192, 193, 194, 195, 196, 197, 198, 199, 200, 201, 204, 206, 207, 208, 209, 210, 211, 212, 214, 215, 216, 218, 219, 220, 221, 222, 224, 225, 227, 229, 230, 231, 232, 233, 234, 236, 237, 239, 240, 241, 242, 243, 246, 247, 248, 251, 255, 256, 257, 258, 259, 260, 261, 263, 264, 265, 266, 267, 268, 269, 270, 271, 272, 273, 274, 275, 277, 279, 281, 282, 284, 285, 287, 288, 290, 292, 294, 298]

Run number: 6
Best general solution:
Weight left: 3.0
Value: 9751562
Backpack configuration: [0, 1, 3, 4, 6, 8, 9, 11, 12, 13, 15, 16, 17, 19, 20, 22, 23, 27, 28, 29, 30, 31, 32, 33, 34, 35, 36, 37, 38, 40, 41, 42, 43, 44, 45, 46, 47, 48, 49, 50, 51, 53, 54, 55, 57, 58, 60, 62, 63, 64, 65, 66, 67, 68, 70, 71, 72, 74, 75, 76, 77, 80, 81, 82, 83, 85, 86, 87, 88, 90, 91, 92, 93, 97, 98, 99, 101, 104, 105, 108, 109, 110, 111, 112, 113, 114, 115, 116, 118, 119, 121, 122, 123, 124, 125, 126, 127, 128, 129, 130, 131, 132, 133, 134, 135, 138, 139, 140, 141, 142, 143, 144, 147, 148, 149, 151, 152, 154, 156, 157, 158, 159, 160, 162, 163, 164, 165, 166, 167, 168, 169, 170, 171, 172, 173, 175, 176, 177, 178, 179, 180, 181, 182, 183, 185, 187, 188, 189, 190, 191, 192, 193, 195, 196, 197, 198, 200, 201, 202, 204, 206, 207, 208, 209, 210, 211, 212, 213, 214, 216, 217, 218, 219, 220, 221, 223, 224, 225, 226, 227, 228, 230, 231, 232, 233, 234, 236, 237, 238, 239, 240, 241, 242, 243, 244, 245, 246, 247, 248, 249, 250, 251, 252, 255, 257, 258, 259, 260, 261, 262, 263, 264, 266, 267, 268, 269, 270, 271, 272, 273, 274, 275, 276, 277, 278, 279, 280, 281, 284, 285, 286, 288]

Run number: 7
Best general solution:
Weight left: 1.0
Value: 9748766
Backpack configuration: [1, 2, 3, 5, 6, 7, 9, 13, 14, 15, 16, 18, 19, 20, 21, 23, 24, 25, 26, 28, 29, 30, 31, 32, 33, 34, 35, 36, 37, 38, 39, 41, 42, 43, 44, 45, 47, 48, 49, 53, 54, 55, 56, 58, 59, 62, 63, 64, 65, 66, 68, 69, 70, 72, 73, 74, 75, 76, 77, 78, 79, 80, 81, 83, 84, 85, 86, 87, 88, 90, 91, 93, 94, 96, 97, 98, 99, 102, 104, 105, 106, 107, 108, 109, 111, 112, 115, 116, 117, 118, 119, 120, 121, 122, 123, 125, 126, 127, 128, 129, 130, 131, 132, 136, 137, 139, 140, 141, 142, 143, 145, 146, 147, 149, 150, 151, 153, 154, 155, 156, 159, 160, 162, 165, 166, 167, 168, 169, 170, 172, 173, 175, 176, 177, 178, 179, 180, 181, 182, 183, 185, 187, 188, 189, 190, 191, 193, 194, 197, 198, 199, 200, 201, 202, 203, 204, 206, 207, 208, 209, 211, 213, 215, 216, 217, 218, 219, 220, 221, 222, 223, 224, 225, 226, 227, 229, 230, 231, 232, 233, 234, 235, 236, 239, 241, 242, 243, 244, 245, 247, 248, 250, 251, 252, 253, 254, 256, 257, 258, 259, 260, 263, 268, 269, 270, 271, 272, 273, 274, 275, 276, 277, 278, 279, 280, 281, 282, 283, 284, 286, 288, 289, 290, 292, 294, 297]

Run number: 8
Best general solution:
Weight left: 6.0
Value: 9751056
Backpack configuration: [0, 1, 2, 4, 5, 6, 7, 10, 11, 13, 14, 15, 16, 17, 18, 20, 21, 22, 24, 25, 26, 27, 28, 29, 30, 31, 32, 33, 34, 35, 36, 40, 41, 42, 43, 44, 45, 47, 48, 50, 51, 54, 55, 56, 57, 58, 59, 60, 63, 64, 65, 66, 67, 68, 69, 70, 71, 72, 73, 74, 75, 76, 77, 78, 80, 81, 82, 84, 85, 86, 88, 89, 92, 93, 94, 96, 97, 98, 99, 100, 101, 102, 103, 104, 105, 106, 107, 108, 109, 110, 112, 114, 115, 116, 117, 119, 120, 121, 122, 123, 125, 126, 127, 128, 130, 131, 132, 133, 134, 135, 136, 138, 139, 140, 141, 142, 143, 144, 146, 147, 148, 149, 150, 151, 152, 154, 156, 157, 158, 161, 162, 163, 164, 165, 166, 168, 169, 170, 171, 172, 173, 175, 176, 177, 178, 179, 180, 181, 182, 183, 184, 185, 186, 188, 189, 190, 191, 192, 193, 194, 195, 196, 197, 198, 199, 200, 201, 202, 203, 204, 205, 206, 207, 208, 209, 210, 212, 213, 215, 216, 218, 219, 220, 221, 223, 225, 226, 227, 228, 229, 231, 232, 233, 235, 236, 237, 239, 241, 243, 244, 245, 247, 248, 249, 250, 251, 252, 253, 255, 256, 257, 259, 261, 262, 263, 265, 266, 267, 268, 271, 272, 273, 274, 275, 276, 277, 279, 281, 282, 283, 284]

Run number: 9
Best general solution:
Weight left: 89.0
Value: 9752090
Backpack configuration: [1, 2, 3, 4, 5, 6, 7, 9, 10, 12, 13, 15, 16, 17, 18, 19, 20, 21, 22, 23, 25, 26, 28, 31, 32, 33, 34, 36, 37, 38, 39, 42, 43, 44, 45, 46, 48, 49, 50, 51, 53, 54, 55, 56, 57, 60, 61, 62, 63, 64, 65, 66, 67, 68, 69, 70, 71, 72, 73, 74, 75, 76, 77, 79, 80, 81, 82, 83, 84, 85, 86, 87, 91, 92, 93, 94, 95, 96, 97, 98, 99, 101, 102, 103, 104, 105, 107, 108, 109, 110, 111, 112, 114, 115, 116, 117, 119, 120, 122, 123, 124, 125, 126, 127, 128, 129, 130, 131, 132, 133, 134, 135, 136, 137, 138, 139, 140, 141, 142, 143, 144, 145, 146, 148, 149, 150, 153, 154, 155, 156, 159, 160, 161, 162, 163, 165, 166, 167, 168, 169, 170, 171, 172, 173, 175, 176, 177, 178, 179, 181, 182, 184, 185, 186, 187, 188, 189, 190, 191, 192, 193, 194, 195, 196, 197, 199, 201, 204, 206, 207, 208, 209, 210, 211, 212, 213, 214, 217, 220, 222, 223, 224, 225, 227, 228, 229, 230, 231, 232, 234, 235, 237, 239, 240, 241, 242, 243, 244, 245, 248, 249, 250, 251, 252, 253, 255, 256, 257, 258, 259, 260, 261, 262, 263, 264, 266, 267, 268, 271, 272, 275, 276, 277, 281, 282, 283, 284, 285, 287, 288, 290, 291, 294, 295, 296]

Run number: 10
Best general solution:
Weight left: 10.0
Value: 9752748
Backpack configuration: [0, 1, 2, 3, 4, 5, 6, 7, 8, 9, 10, 11, 12, 13, 14, 15, 16, 18, 19, 20, 21, 22, 23, 24, 25, 26, 28, 29, 30, 32, 33, 34, 35, 36, 37, 38, 40, 41, 42, 43, 45, 46, 47, 48, 49, 50, 53, 54, 55, 56, 57, 58, 59, 60, 61, 62, 63, 64, 65, 66, 67, 68, 69, 70, 71, 74, 75, 76, 77, 78, 79, 80, 81, 82, 84, 85, 86, 88, 89, 91, 92, 93, 95, 96, 98, 99, 100, 101, 103, 104, 105, 106, 109, 110, 111, 113, 114, 115, 116, 117, 120, 121, 122, 123, 125, 127, 128, 129, 130, 131, 133, 134, 137, 138, 139, 140, 142, 143, 144, 146, 147, 148, 149, 150, 151, 153, 155, 156, 157, 158, 159, 160, 161, 164, 165, 166, 167, 168, 169, 170, 171, 172, 173, 175, 176, 177, 178, 179, 180, 181, 182, 183, 184, 185, 186, 187, 188, 189, 190, 191, 192, 193, 195, 196, 197, 199, 200, 201, 202, 203, 204, 205, 206, 207, 210, 211, 212, 213, 214, 215, 218, 219, 220, 221, 223, 224, 225, 226, 227, 228, 230, 231, 232, 234, 235, 237, 238, 239, 240, 241, 242, 243, 246, 247, 249, 250, 251, 252, 253, 254, 257, 258, 259, 261, 263, 264, 265, 266, 267, 268, 269, 270, 271, 272, 273, 274, 275, 276, 277, 278, 280, 281, 282, 288, 289, 299]

Run number: 11
Best general solution:
Weight left: 8.0
Value: 9751152
Backpack configuration: [0, 3, 4, 5, 7, 8, 9, 10, 11, 12, 13, 14, 16, 19, 20, 21, 22, 23, 25, 28, 29, 31, 32, 33, 34, 35, 36, 37, 38, 39, 41, 42, 43, 44, 45, 46, 47, 49, 50, 52, 54, 55, 57, 58, 59, 60, 62, 63, 64, 65, 66, 68, 69, 71, 73, 74, 75, 76, 77, 78, 79, 80, 81, 82, 83, 84, 85, 89, 90, 91, 92, 93, 94, 95, 96, 97, 99, 100, 101, 102, 103, 104, 105, 107, 108, 109, 110, 111, 112, 113, 115, 116, 117, 119, 120, 121, 122, 123, 124, 126, 127, 128, 131, 132, 134, 135, 136, 137, 138, 140, 141, 142, 143, 144, 145, 147, 148, 150, 151, 152, 154, 155, 157, 158, 159, 160, 164, 165, 167, 168, 169, 170, 171, 172, 173, 175, 176, 177, 178, 179, 180, 182, 184, 185, 187, 188, 189, 190, 191, 192, 193, 195, 196, 197, 198, 199, 200, 201, 202, 204, 205, 206, 207, 209, 210, 211, 212, 213, 215, 216, 217, 218, 219, 220, 222, 223, 224, 226, 227, 229, 230, 231, 232, 233, 234, 235, 236, 238, 239, 240, 241, 242, 243, 244, 245, 247, 248, 249, 251, 252, 255, 256, 257, 258, 259, 261, 262, 263, 264, 265, 266, 267, 268, 269, 270, 271, 272, 273, 274, 275, 277, 278, 279, 280, 281, 282, 283, 284, 285, 286, 290, 292]

Run number: 12
Best general solution:
Weight left: 2.0
Value: 9748464
Backpack configuration: [0, 2, 3, 4, 5, 7, 8, 9, 10, 11, 12, 13, 14, 16, 18, 19, 22, 23, 24, 25, 26, 27, 29, 30, 31, 32, 33, 34, 35, 36, 37, 38, 39, 40, 42, 43, 44, 45, 48, 50, 53, 55, 56, 57, 58, 59, 60, 61, 62, 63, 64, 65, 68, 69, 72, 73, 74, 75, 76, 77, 78, 79, 80, 83, 84, 85, 87, 88, 89, 91, 92, 93, 94, 95, 96, 99, 101, 102, 104, 105, 106, 107, 109, 111, 112, 113, 114, 115, 116, 117, 119, 121, 122, 123, 124, 126, 128, 129, 131, 132, 133, 134, 135, 136, 137, 138, 139, 140, 141, 142, 144, 145, 146, 147, 148, 149, 150, 151, 152, 155, 156, 157, 159, 161, 163, 164, 166, 167, 168, 169, 170, 171, 172, 173, 175, 176, 177, 178, 179, 180, 181, 182, 184, 185, 186, 187, 188, 189, 190, 192, 193, 194, 195, 196, 197, 198, 199, 200, 201, 202, 203, 204, 205, 206, 207, 208, 209, 210, 211, 212, 214, 215, 216, 218, 219, 220, 221, 222, 224, 225, 227, 230, 232, 233, 234, 235, 236, 237, 239, 241, 242, 243, 244, 246, 248, 249, 250, 252, 255, 256, 257, 259, 260, 261, 262, 264, 265, 266, 267, 268, 269, 270, 272, 274, 275, 276, 277, 279, 280, 281, 282, 283, 284, 285, 288]

Run number: 13
Best general solution:
Weight left: 21.0
Value: 9749626
Backpack configuration: [0, 1, 2, 3, 4, 6, 7, 9, 12, 13, 14, 15, 16, 18, 19, 21, 22, 23, 24, 25, 26, 27, 28, 29, 30, 31, 32, 33, 35, 36, 37, 38, 39, 40, 42, 43, 45, 46, 47, 48, 49, 50, 53, 54, 55, 57, 59, 60, 61, 62, 63, 64, 65, 66, 67, 68, 69, 70, 71, 72, 73, 74, 75, 76, 78, 79, 81, 83, 84, 85, 88, 89, 90, 91, 93, 95, 96, 97, 98, 100, 101, 102, 103, 104, 105, 106, 108, 110, 112, 113, 114, 115, 116, 117, 120, 121, 122, 123, 124, 125, 126, 127, 128, 130, 134, 135, 136, 137, 138, 140, 142, 143, 144, 145, 146, 148, 149, 150, 151, 152, 153, 154, 156, 157, 159, 161, 163, 164, 165, 166, 167, 168, 170, 171, 173, 176, 177, 178, 179, 181, 182, 184, 185, 187, 188, 189, 190, 191, 192, 193, 195, 196, 197, 198, 199, 200, 201, 202, 204, 205, 206, 207, 208, 209, 210, 211, 212, 213, 214, 216, 217, 218, 219, 220, 222, 223, 224, 226, 227, 229, 230, 231, 232, 233, 234, 236, 237, 238, 239, 240, 242, 243, 244, 245, 246, 247, 248, 249, 250, 252, 253, 254, 256, 257, 258, 259, 262, 263, 264, 265, 266, 267, 269, 271, 272, 273, 274, 275, 277, 278, 279, 282, 283, 284, 286, 288, 290, 292, 294]

Run number: 14
Best general solution:
Weight left: 6.0
Value: 9746656
Backpack configuration: [1, 2, 3, 4, 5, 6, 7, 8, 10, 11, 12, 13, 14, 15, 16, 17, 18, 19, 20, 21, 22, 23, 24, 25, 26, 28, 29, 30, 32, 33, 35, 37, 38, 39, 43, 44, 49, 50, 54, 55, 56, 59, 60, 61, 62, 63, 64, 65, 66, 67, 68, 69, 70, 71, 72, 74, 76, 77, 78, 80, 81, 82, 83, 84, 85, 86, 87, 88, 89, 90, 91, 93, 94, 95, 96, 97, 99, 100, 102, 104, 106, 107, 108, 109, 110, 113, 116, 117, 118, 119, 120, 121, 122, 123, 124, 127, 128, 131, 132, 133, 135, 136, 137, 139, 140, 141, 143, 144, 147, 148, 149, 150, 151, 153, 154, 155, 156, 157, 158, 159, 161, 162, 163, 164, 165, 166, 168, 169, 170, 171, 172, 173, 174, 175, 176, 177, 178, 179, 180, 181, 185, 187, 188, 189, 190, 191, 192, 193, 194, 195, 197, 198, 199, 200, 201, 204, 205, 206, 209, 210, 211, 212, 214, 215, 216, 217, 218, 219, 221, 222, 224, 225, 226, 227, 229, 230, 232, 233, 235, 236, 237, 238, 240, 242, 245, 246, 247, 249, 251, 252, 253, 254, 255, 256, 257, 258, 259, 262, 263, 264, 265, 266, 267, 269, 270, 271, 273, 275, 277, 279, 280, 282, 283, 284, 285, 287, 288, 292, 294, 295, 296]

Run number: 15
Best general solution:
Weight left: 1.0
Value: 9749066
Backpack configuration: [0, 1, 3, 4, 6, 9, 11, 12, 13, 14, 15, 17, 19, 21, 22, 23, 24, 25, 26, 27, 28, 30, 31, 32, 33, 34, 35, 37, 38, 39, 42, 44, 45, 46, 47, 48, 49, 51, 53, 55, 56, 57, 58, 59, 60, 61, 63, 64, 65, 66, 67, 68, 70, 72, 74, 76, 78, 79, 80, 81, 82, 84, 85, 86, 88, 90, 91, 92, 93, 94, 95, 97, 99, 100, 101, 102, 103, 104, 105, 106, 107, 108, 109, 110, 112, 113, 115, 116, 118, 119, 121, 122, 123, 125, 126, 127, 129, 131, 132, 133, 134, 135, 136, 137, 138, 139, 140, 141, 142, 144, 145, 146, 147, 148, 149, 150, 151, 153, 156, 157, 158, 160, 161, 162, 163, 164, 165, 166, 167, 168, 169, 171, 172, 173, 175, 176, 177, 178, 179, 180, 181, 182, 183, 184, 185, 187, 188, 189, 190, 191, 193, 194, 195, 197, 198, 200, 201, 202, 203, 204, 205, 206, 211, 212, 213, 214, 215, 216, 217, 219, 220, 221, 222, 223, 224, 225, 226, 227, 228, 229, 231, 232, 233, 234, 236, 237, 238, 239, 240, 241, 242, 243, 244, 245, 246, 247, 248, 249, 250, 252, 253, 255, 257, 258, 259, 260, 261, 262, 263, 264, 265, 266, 267, 268, 269, 273, 274, 275, 278, 279, 280, 281, 282, 283, 284, 288, 290]

Run number: 16
Best general solution:
Weight left: 17.0
Value: 9749734
Backpack configuration: [0, 1, 2, 3, 5, 6, 7, 8, 9, 10, 11, 12, 13, 14, 17, 18, 19, 20, 21, 22, 23, 25, 26, 27, 28, 29, 30, 31, 32, 33, 34, 35, 36, 37, 38, 39, 40, 42, 43, 44, 45, 46, 47, 48, 49, 50, 53, 54, 55, 56, 57, 59, 60, 61, 62, 63, 65, 67, 68, 69, 70, 71, 72, 73, 74, 76, 77, 78, 79, 81, 82, 83, 84, 85, 86, 87, 88, 89, 90, 91, 92, 93, 94, 96, 97, 99, 100, 101, 102, 105, 106, 109, 110, 112, 113, 115, 116, 117, 118, 119, 121, 122, 123, 124, 125, 126, 128, 130, 132, 133, 134, 135, 136, 138, 139, 140, 143, 144, 145, 146, 147, 148, 150, 151, 152, 153, 155, 156, 157, 158, 160, 161, 162, 163, 164, 165, 167, 168, 169, 170, 171, 172, 173, 175, 176, 177, 178, 179, 180, 181, 182, 183, 184, 185, 187, 188, 189, 190, 191, 192, 193, 195, 197, 199, 200, 201, 202, 203, 206, 207, 209, 210, 212, 213, 214, 215, 216, 217, 219, 220, 222, 225, 227, 228, 230, 231, 232, 234, 235, 237, 238, 239, 240, 241, 244, 245, 246, 247, 248, 249, 250, 257, 258, 260, 261, 263, 264, 265, 266, 267, 268, 269, 270, 271, 272, 273, 274, 276, 277, 278, 280, 281, 282, 283, 284, 286, 288, 290]