

-------------------------------------------------------
-------------------------------------------------------

---Generated Parameters---
Population size per island: 500
Number of generations: 500
Crossover probability: 0.3
Mutation probability: 0.05
Backpack capacity: 300
Max backpack weight: 4040184
Instance used: ks_300_0

 Run number: 1

Current generation...: 100
Best solution found so far in island: Weight left: 21.0 Value: 9744026

Current generation...: 200
Best solution found so far in island: Weight left: 11.0 Value: 9744046

Current generation...: 300
Best solution found so far in island: Weight left: 11.0 Value: 9744046

Current generation...: 400
Best solution found so far in island: Weight left: 11.0 Value: 9744046

Current generation...: 499
Best solution found so far in island: Weight left: 11.0 Value: 9744046

Solution found in island:
Weight left: 11.0
Value: 9744046
Backpack configuration: [0, 1, 2, 3, 5, 6, 7, 8, 9, 10, 11, 14, 15, 19, 20, 23, 24, 25, 27, 28, 29, 31, 32, 33, 35, 36, 37, 38, 39, 41, 42, 44, 45, 46, 47, 48, 49, 50, 51, 53, 55, 56, 57, 58, 59, 61, 64, 65, 66, 67, 68, 70, 72, 73, 75, 76, 78, 79, 80, 81, 82, 83, 84, 86, 87, 88, 89, 90, 91, 92, 93, 94, 96, 97, 98, 99, 100, 101, 102, 103, 105, 106, 107, 108, 109, 110, 112, 113, 114, 115, 116, 117, 119, 120, 122, 123, 124, 125, 126, 128, 130, 132, 135, 136, 137, 138, 139, 140, 142, 143, 144, 146, 149, 150, 153, 154, 155, 156, 158, 159, 160, 161, 162, 163, 166, 167, 168, 169, 170, 171, 172, 174, 175, 176, 177, 178, 179, 180, 181, 183, 184, 185, 186, 187, 188, 189, 190, 191, 193, 194, 195, 196, 197, 198, 201, 202, 203, 204, 207, 208, 209, 211, 212, 213, 215, 216, 218, 219, 220, 223, 224, 225, 226, 227, 228, 230, 231, 232, 233, 234, 236, 237, 238, 239, 241, 242, 243, 244, 245, 246, 247, 248, 250, 252, 253, 255, 257, 258, 259, 262, 263, 264, 265, 267, 268, 269, 270, 271, 272, 274, 275, 276, 288]

 Run number: 2

Current generation...: 100
Best solution found so far in island: Weight left: 201.0 Value: 9740166

Current generation...: 200
Best solution found so far in island: Weight left: 97.0 Value: 9740674

Current generation...: 300
Best solution found so far in island: Weight left: 13.0 Value: 9740842

Current generation...: 400
Best solution found so far in island: Weight left: 3.0 Value: 9740862

Current generation...: 499
Best solution found so far in island: Weight left: 3.0 Value: 9740862

Solution found in island:
Weight left: 3.0
Value: 9740862
Backpack configuration: [0, 1, 2, 3, 5, 9, 11, 12, 13, 14, 15, 18, 19, 21, 22, 23, 26, 28, 29, 30, 31, 32, 33, 34, 35, 36, 37, 38, 39, 41, 42, 43, 44, 45, 46, 48, 49, 50, 53, 54, 55, 58, 60, 61, 62, 64, 65, 67, 69, 70, 73, 75, 76, 77, 78, 79, 80, 82, 83, 84, 86, 87, 88, 90, 92, 94, 95, 96, 99, 100, 101, 102, 103, 104, 105, 106, 107, 108, 109, 110, 111, 113, 115, 116, 118, 119, 120, 122, 123, 124, 126, 129, 130, 131, 132, 133, 134, 135, 138, 141, 143, 144, 145, 148, 149, 150, 151, 153, 155, 156, 157, 158, 159, 160, 161, 162, 163, 165, 166, 167, 168, 169, 170, 172, 173, 176, 177, 178, 179, 180, 182, 184, 185, 187, 188, 189, 190, 191, 192, 193, 194, 196, 197, 198, 199, 201, 202, 203, 204, 205, 207, 208, 209, 210, 211, 212, 214, 215, 218, 219, 221, 222, 223, 226, 227, 228, 230, 233, 234, 236, 237, 238, 242, 243, 244, 245, 246, 247, 248, 250, 252, 253, 254, 256, 257, 258, 260, 261, 262, 266, 267, 268, 270, 271, 273, 274, 276, 277, 278, 279, 280, 281, 282, 283, 284, 288, 292]

 Run number: 3

Current generation...: 100
Best solution found so far in island: Weight left: 25.0 Value: 9741718

Current generation...: 200
Best solution found so far in island: Weight left: 25.0 Value: 9741718

Current generation...: 300
Best solution found so far in island: Weight left: 7.0 Value: 9741754

Current generation...: 400
Best solution found so far in island: Weight left: 5.0 Value: 9741758

Current generation...: 499
Best solution found so far in island: Weight left: 5.0 Value: 9741758

Solution found in island:
Weight left: 5.0
Value: 9741758
Backpack configuration: [0, 1, 2, 3, 4, 6, 7, 8, 9, 10, 12, 13, 14, 15, 16, 17, 20, 21, 23, 25, 26, 27, 28, 29, 30, 31, 34, 35, 38, 39, 41, 42, 44, 47, 50, 52, 53, 54, 56, 59, 61, 62, 65, 66, 67, 69, 71, 73, 75, 76, 77, 80, 82, 83, 84, 85, 88, 91, 93, 94, 96, 97, 98, 99, 100, 102, 103, 104, 105, 106, 107, 108, 109, 111, 114, 115, 117, 118, 119, 121, 122, 123, 124, 125, 129, 130, 131, 132, 133, 135, 137, 138, 139, 140, 143, 144, 145, 146, 147, 149, 150, 151, 153, 154, 155, 156, 157, 159, 160, 161, 162, 165, 167, 169, 170, 172, 173, 175, 176, 177, 178, 179, 180, 181, 184, 185, 187, 188, 189, 190, 191, 192, 193, 194, 195, 196, 197, 198, 199, 200, 201, 202, 204, 207, 208, 210, 211, 212, 213, 214, 215, 216, 217, 218, 220, 221, 222, 223, 224, 225, 228, 229, 232, 233, 234, 235, 236, 237, 238, 239, 240, 241, 243, 244, 247, 248, 250, 251, 252, 253, 257, 258, 260, 261, 262, 264, 265, 266, 267, 268, 270, 272, 275, 276, 277, 278, 279, 280, 282, 284, 285, 288, 289, 290, 291, 292, 294, 296]

 Run number: 4

Current generation...: 100
Best solution found so far in island: Weight left: 28.0 Value: 9747812

Current generation...: 200
Best solution found so far in island: Weight left: 28.0 Value: 9747812

Current generation...: 300
Best solution found so far in island: Weight left: 8.0 Value: 9747852

Current generation...: 400
Best solution found so far in island: Weight left: 94.0 Value: 9747980

Current generation...: 499
Best solution found so far in island: Weight left: 86.0 Value: 9747996

Solution found in island:
Weight left: 86.0
Value: 9747996
Backpack configuration: [3, 4, 6, 7, 8, 9, 10, 11, 13, 14, 17, 18, 19, 21, 22, 25, 26, 27, 28, 29, 30, 31, 32, 33, 34, 36, 37, 38, 40, 41, 42, 43, 44, 45, 46, 47, 49, 50, 51, 54, 55, 57, 58, 59, 61, 62, 64, 65, 66, 67, 68, 69, 71, 72, 75, 76, 77, 78, 80, 81, 82, 84, 85, 86, 87, 90, 91, 92, 93, 95, 96, 97, 98, 99, 101, 102, 105, 106, 108, 109, 110, 111, 112, 113, 114, 115, 116, 117, 118, 119, 120, 121, 122, 123, 125, 126, 127, 129, 130, 131, 133, 134, 135, 137, 138, 139, 140, 143, 144, 146, 148, 149, 151, 153, 154, 156, 157, 158, 159, 160, 161, 163, 164, 167, 168, 169, 171, 172, 173, 175, 176, 177, 178, 179, 180, 181, 182, 184, 186, 187, 188, 190, 191, 192, 193, 195, 196, 197, 198, 199, 200, 201, 202, 204, 205, 207, 208, 209, 211, 212, 214, 215, 216, 217, 218, 219, 221, 222, 225, 226, 227, 228, 230, 231, 232, 234, 235, 236, 237, 239, 240, 241, 242, 245, 246, 247, 248, 249, 251, 252, 255, 256, 258, 259, 260, 261, 262, 263, 264, 265, 266, 267, 268, 269, 270, 271, 272, 273, 275, 276, 277, 278, 279, 280, 281, 283, 284, 285, 287, 288, 289, 293, 294, 296]

 Run number: 5

Current generation...: 100
Best solution found so far in island: Weight left: 50.0 Value: 9747068

Current generation...: 200
Best solution found so far in island: Weight left: 50.0 Value: 9747068

Current generation...: 300
Best solution found so far in island: Weight left: 40.0 Value: 9747088

Current generation...: 400
Best solution found so far in island: Weight left: 30.0 Value: 9747108

Current generation...: 499
Best solution found so far in island: Weight left: 234.0 Value: 9747200

Solution found in island:
Weight left: 234.0
Value: 9747200
Backpack configuration: [0, 3, 4, 6, 7, 8, 9, 10, 11, 12, 13, 14, 15, 16, 17, 18, 19, 20, 22, 23, 25, 26, 27, 28, 29, 31, 32, 34, 35, 36, 38, 39, 41, 42, 43, 44, 45, 47, 48, 49, 50, 51, 54, 55, 56, 58, 59, 60, 61, 62, 64, 65, 66, 67, 69, 71, 73, 74, 75, 76, 77, 78, 80, 82, 83, 84, 85, 86, 87, 89, 90, 91, 93, 94, 95, 96, 100, 101, 102, 103, 104, 106, 107, 108, 109, 110, 111, 113, 115, 116, 117, 119, 120, 121, 124, 125, 126, 128, 129, 130, 131, 132, 134, 135, 136, 138, 139, 140, 141, 143, 144, 145, 146, 148, 150, 153, 154, 156, 157, 158, 159, 160, 161, 162, 163, 164, 165, 166, 167, 168, 169, 170, 172, 173, 175, 176, 177, 178, 179, 181, 182, 184, 185, 186, 188, 189, 192, 193, 194, 195, 197, 198, 199, 200, 201, 204, 205, 206, 208, 209, 210, 211, 212, 214, 215, 216, 217, 219, 221, 223, 225, 226, 227, 228, 230, 232, 233, 234, 235, 236, 237, 239, 240, 241, 243, 244, 245, 246, 250, 251, 252, 253, 254, 256, 257, 258, 259, 260, 261, 263, 265, 266, 267, 269, 270, 271, 274, 275, 276, 278, 279, 280, 281, 282, 284, 285, 286, 288, 289, 290, 294, 295, 298]

 Run number: 6

Current generation...: 100
Best solution found so far in island: Weight left: 7.0 Value: 9743954

Current generation...: 200
Best solution found so far in island: Weight left: 5.0 Value: 9743958

Current generation...: 300
Best solution found so far in island: Weight left: 5.0 Value: 9743958

Current generation...: 400
Best solution found so far in island: Weight left: 5.0 Value: 9743958

Current generation...: 499
Best solution found so far in island: Weight left: 5.0 Value: 9743958

Solution found in island:
Weight left: 5.0
Value: 9743958
Backpack configuration: [0, 1, 2, 3, 4, 5, 6, 7, 8, 9, 10, 12, 16, 17, 19, 20, 21, 22, 23, 24, 25, 28, 31, 33, 34, 35, 36, 37, 38, 40, 41, 42, 44, 45, 46, 47, 50, 52, 53, 54, 55, 56, 57, 58, 60, 61, 62, 64, 65, 66, 67, 68, 69, 71, 72, 73, 75, 76, 77, 78, 80, 81, 82, 83, 85, 86, 88, 89, 90, 91, 92, 93, 94, 95, 97, 100, 101, 103, 104, 105, 106, 108, 109, 110, 112, 113, 114, 117, 118, 121, 122, 124, 125, 126, 127, 129, 131, 132, 133, 134, 135, 136, 137, 139, 140, 141, 142, 143, 145, 146, 148, 149, 150, 151, 152, 153, 154, 155, 156, 157, 160, 161, 163, 164, 165, 167, 170, 171, 173, 175, 176, 177, 178, 179, 180, 181, 182, 184, 185, 187, 188, 190, 191, 192, 193, 194, 195, 196, 197, 198, 199, 200, 201, 203, 204, 206, 207, 208, 209, 210, 211, 213, 214, 215, 217, 218, 219, 220, 221, 222, 223, 225, 226, 227, 228, 229, 230, 232, 233, 234, 236, 238, 240, 241, 242, 244, 245, 246, 247, 248, 249, 250, 251, 253, 255, 261, 262, 264, 266, 267, 268, 270, 271, 272, 273, 274, 275, 276, 278, 279, 280, 282, 284, 288]

 Run number: 7

Current generation...: 100
Best solution found so far in island: Weight left: 39.0 Value: 9747790

Current generation...: 200
Best solution found so far in island: Weight left: 37.0 Value: 9747794

Current generation...: 300
Best solution found so far in island: Weight left: 5.0 Value: 9747858

Current generation...: 400
Best solution found so far in island: Weight left: 49.0 Value: 9748070

Current generation...: 499
Best solution found so far in island: Weight left: 9.0 Value: 9748150

Solution found in island:
Weight left: 9.0
Value: 9748150
Backpack configuration: [0, 1, 3, 4, 5, 6, 7, 9, 10, 11, 12, 13, 15, 16, 17, 18, 19, 20, 21, 22, 23, 26, 28, 29, 30, 31, 32, 33, 34, 35, 37, 38, 39, 41, 42, 43, 44, 45, 46, 48, 49, 50, 51, 52, 53, 54, 55, 57, 58, 60, 61, 62, 64, 65, 68, 69, 70, 72, 73, 75, 76, 77, 79, 81, 82, 83, 84, 85, 87, 88, 89, 90, 91, 92, 93, 95, 96, 97, 98, 99, 100, 101, 102, 103, 105, 106, 107, 108, 109, 110, 113, 114, 115, 116, 117, 118, 119, 120, 121, 122, 123, 125, 126, 129, 130, 132, 133, 134, 135, 137, 138, 139, 140, 150, 151, 152, 153, 154, 155, 156, 157, 159, 160, 161, 163, 164, 165, 166, 167, 168, 169, 170, 172, 173, 176, 177, 178, 179, 180, 181, 182, 183, 184, 185, 186, 187, 188, 189, 191, 193, 195, 196, 197, 199, 200, 201, 202, 203, 204, 207, 208, 210, 212, 214, 215, 218, 219, 220, 221, 222, 223, 225, 226, 227, 229, 231, 232, 233, 234, 235, 237, 238, 239, 240, 241, 242, 243, 244, 245, 246, 248, 249, 250, 251, 252, 253, 255, 256, 257, 258, 260, 263, 264, 265, 266, 267, 268, 269, 270, 271, 272, 273, 275, 276, 279, 280, 281, 282, 283, 287, 288, 289, 290, 294]

 Run number: 8

Current generation...: 100
Best solution found so far in island: Weight left: 29.0 Value: 9746710

Current generation...: 200
Best solution found so far in island: Weight left: 91.0 Value: 9746886

Current generation...: 300
Best solution found so far in island: Weight left: 49.0 Value: 9747670

Current generation...: 400
Best solution found so far in island: Weight left: 89.0 Value: 9748090

Current generation...: 499
Best solution found so far in island: Weight left: 49.0 Value: 9748970

Solution found in island:
Weight left: 49.0
Value: 9748970
Backpack configuration: [0, 1, 2, 3, 4, 5, 6, 7, 8, 9, 10, 11, 14, 15, 16, 17, 19, 20, 21, 22, 23, 24, 26, 27, 28, 30, 32, 33, 34, 35, 36, 38, 39, 41, 42, 43, 44, 45, 46, 47, 48, 49, 50, 51, 54, 55, 56, 57, 58, 59, 60, 61, 63, 65, 66, 67, 68, 69, 70, 71, 73, 74, 76, 77, 78, 79, 80, 81, 82, 83, 84, 86, 87, 88, 89, 90, 91, 93, 96, 97, 99, 100, 101, 102, 103, 106, 107, 108, 111, 112, 113, 115, 116, 117, 118, 120, 122, 123, 126, 127, 128, 131, 134, 136, 137, 138, 139, 140, 141, 142, 146, 148, 149, 151, 152, 153, 154, 155, 156, 157, 159, 160, 161, 162, 163, 164, 165, 168, 169, 170, 171, 172, 173, 176, 177, 178, 180, 181, 183, 185, 187, 188, 189, 190, 191, 192, 193, 194, 196, 197, 198, 199, 200, 201, 202, 204, 206, 207, 208, 209, 210, 211, 212, 213, 214, 215, 217, 219, 220, 221, 223, 225, 226, 227, 228, 229, 230, 231, 232, 234, 236, 237, 238, 239, 240, 241, 242, 243, 244, 245, 246, 247, 248, 250, 251, 252, 253, 254, 256, 257, 258, 259, 261, 263, 264, 266, 267, 268, 271, 272, 273, 275, 277, 278, 279, 280, 281, 282, 283, 284, 285, 286, 287, 288, 289, 290, 292]

 Run number: 9

Current generation...: 100
Best solution found so far in island: Weight left: 37.0 Value: 9743694

Current generation...: 200
Best solution found so far in island: Weight left: 37.0 Value: 9743694

Current generation...: 300
Best solution found so far in island: Weight left: 7.0 Value: 9743754

Current generation...: 400
Best solution found so far in island: Weight left: 7.0 Value: 9743754

Current generation...: 499
Best solution found so far in island: Weight left: 7.0 Value: 9743754

Solution found in island:
Weight left: 7.0
Value: 9743754
Backpack configuration: [0, 1, 3, 4, 5, 7, 8, 9, 10, 11, 13, 16, 17, 18, 19, 20, 22, 24, 25, 26, 27, 28, 29, 30, 31, 32, 33, 34, 36, 37, 38, 39, 43, 44, 45, 46, 47, 48, 49, 50, 51, 54, 55, 56, 57, 58, 59, 60, 61, 62, 64, 65, 66, 67, 70, 71, 72, 73, 74, 75, 76, 77, 78, 80, 81, 82, 83, 84, 86, 88, 89, 90, 91, 94, 95, 96, 97, 98, 99, 100, 101, 102, 103, 104, 105, 106, 107, 108, 109, 110, 111, 112, 116, 118, 119, 120, 121, 122, 124, 127, 128, 129, 130, 131, 132, 134, 135, 136, 137, 138, 139, 142, 143, 144, 145, 146, 149, 150, 153, 154, 157, 158, 159, 162, 163, 164, 165, 166, 167, 168, 170, 171, 172, 173, 175, 176, 177, 178, 179, 180, 182, 184, 185, 187, 188, 189, 190, 191, 192, 195, 196, 198, 199, 201, 202, 204, 206, 207, 208, 209, 210, 211, 212, 213, 214, 215, 216, 217, 218, 221, 222, 223, 225, 226, 227, 228, 229, 232, 233, 235, 236, 237, 238, 239, 240, 241, 242, 245, 246, 248, 249, 250, 251, 252, 254, 255, 256, 257, 258, 259, 260, 261, 262, 263, 264, 265, 266, 267, 270, 271, 272, 273, 274, 276]

 Run number: 10

Current generation...: 100
Best solution found so far in island: Weight left: 81.0 Value: 9741306

Current generation...: 200
Best solution found so far in island: Weight left: 1.0 Value: 9741466

Current generation...: 300
Best solution found so far in island: Weight left: 1.0 Value: 9741466

Current generation...: 400
Best solution found so far in island: Weight left: 1.0 Value: 9741466

Current generation...: 499
Best solution found so far in island: Weight left: 89.0 Value: 9741790

Solution found in island:
Weight left: 89.0
Value: 9741790
Backpack configuration: [0, 1, 2, 3, 4, 5, 7, 8, 9, 10, 11, 12, 13, 14, 16, 17, 19, 20, 21, 22, 25, 26, 28, 29, 31, 32, 33, 34, 38, 39, 40, 41, 42, 43, 44, 45, 46, 48, 49, 53, 54, 55, 56, 60, 61, 63, 67, 68, 69, 70, 71, 72, 73, 75, 77, 78, 80, 85, 86, 87, 88, 89, 90, 91, 92, 93, 95, 96, 97, 98, 99, 101, 102, 105, 106, 107, 109, 112, 113, 115, 116, 117, 118, 120, 121, 122, 123, 124, 127, 128, 129, 130, 131, 133, 134, 136, 137, 139, 140, 141, 143, 144, 145, 146, 147, 148, 150, 153, 154, 155, 156, 158, 159, 160, 161, 163, 164, 165, 166, 167, 168, 169, 171, 172, 173, 174, 176, 177, 178, 179, 180, 181, 183, 184, 185, 186, 187, 188, 193, 194, 196, 197, 198, 199, 200, 201, 202, 204, 205, 206, 207, 210, 211, 212, 213, 215, 217, 220, 222, 223, 224, 225, 227, 228, 231, 232, 233, 234, 236, 237, 239, 240, 242, 243, 245, 246, 249, 250, 251, 253, 255, 257, 258, 260, 262, 263, 264, 265, 267, 269, 272, 273, 274, 275, 276, 278, 279, 280, 281, 282, 283, 284, 285, 287, 288, 289, 290, 298]

 Run number: 11

Current generation...: 100
Best solution found so far in island: Weight left: 188.0 Value: 9741992

Current generation...: 200
Best solution found so far in island: Weight left: 72.0 Value: 9742224

Current generation...: 300
Best solution found so far in island: Weight left: 8.0 Value: 9742352

Current generation...: 400
Best solution found so far in island: Weight left: 8.0 Value: 9742352

Current generation...: 499
Best solution found so far in island: Weight left: 0.0 Value: 9742368

Solution found in island:
Weight left: 0.0
Value: 9742368
Backpack configuration: [1, 2, 3, 4, 5, 6, 7, 8, 9, 10, 11, 12, 13, 14, 16, 17, 18, 19, 20, 23, 25, 26, 27, 29, 30, 31, 32, 33, 34, 37, 39, 40, 41, 42, 43, 44, 46, 47, 48, 49, 50, 51, 52, 53, 55, 57, 58, 59, 60, 61, 62, 63, 64, 66, 68, 69, 70, 71, 72, 73, 74, 75, 76, 77, 78, 81, 82, 84, 87, 88, 90, 91, 92, 93, 95, 96, 97, 98, 99, 103, 104, 105, 107, 112, 114, 115, 117, 118, 119, 120, 121, 122, 123, 125, 126, 129, 130, 131, 132, 134, 135, 136, 137, 139, 140, 141, 142, 143, 145, 147, 152, 154, 156, 157, 158, 159, 160, 161, 162, 163, 164, 165, 169, 170, 171, 172, 173, 175, 177, 178, 179, 180, 181, 182, 184, 185, 187, 188, 189, 190, 191, 192, 193, 194, 195, 197, 198, 199, 200, 201, 202, 203, 204, 205, 206, 208, 209, 210, 214, 215, 218, 219, 220, 221, 224, 226, 227, 228, 229, 230, 231, 232, 234, 235, 236, 238, 240, 241, 243, 244, 245, 246, 247, 248, 250, 251, 252, 253, 254, 256, 257, 258, 261, 262, 263, 264, 267, 268, 269, 270, 273, 275, 276, 277, 278, 279, 282, 284, 288, 290]

 Run number: 12

Current generation...: 100
Best solution found so far in island: Weight left: 0.0 Value: 9744068

Current generation...: 200
Best solution found so far in island: Weight left: 0.0 Value: 9744068

Current generation...: 300
Best solution found so far in island: Weight left: 44.0 Value: 9744480

Current generation...: 400
Best solution found so far in island: Weight left: 12.0 Value: 9744544

Current generation...: 499
Best solution found so far in island: Weight left: 12.0 Value: 9744544

Solution found in island:
Weight left: 12.0
Value: 9744544
Backpack configuration: [0, 1, 3, 4, 5, 6, 7, 8, 9, 12, 15, 17, 18, 19, 20, 22, 25, 26, 28, 30, 32, 33, 34, 37, 39, 41, 42, 43, 44, 45, 46, 47, 48, 49, 50, 51, 53, 55, 56, 57, 58, 59, 62, 63, 64, 65, 67, 68, 69, 70, 72, 73, 74, 75, 76, 77, 78, 80, 81, 82, 83, 84, 85, 87, 90, 91, 92, 93, 94, 95, 96, 97, 98, 99, 100, 101, 102, 103, 105, 106, 107, 109, 112, 113, 115, 116, 118, 119, 121, 122, 124, 125, 127, 128, 129, 130, 131, 132, 133, 134, 135, 136, 138, 139, 141, 142, 143, 144, 146, 148, 149, 150, 151, 152, 153, 154, 155, 157, 159, 160, 162, 163, 164, 165, 166, 167, 168, 169, 170, 173, 174, 176, 177, 178, 179, 180, 181, 182, 183, 185, 186, 187, 188, 189, 190, 191, 192, 193, 194, 195, 197, 198, 199, 202, 206, 208, 209, 211, 212, 213, 214, 215, 219, 221, 222, 223, 224, 225, 226, 229, 230, 231, 232, 233, 234, 235, 236, 237, 238, 239, 240, 241, 243, 247, 249, 250, 251, 254, 255, 256, 257, 258, 259, 261, 263, 264, 265, 266, 267, 268, 269, 270, 271, 272, 273, 275, 276, 278, 281, 282, 283, 286, 290, 292, 294, 298]

 Run number: 13

Current generation...: 100
Best solution found so far in island: Weight left: 284.0 Value: 9743600

Current generation...: 200
Best solution found so far in island: Weight left: 48.0 Value: 9744372

Current generation...: 300
Best solution found so far in island: Weight left: 40.0 Value: 9744388

Current generation...: 400
Best solution found so far in island: Weight left: 4.0 Value: 9744460

Current generation...: 499
Best solution found so far in island: Weight left: 0.0 Value: 9744468

Solution found in island:
Weight left: 0.0
Value: 9744468
Backpack configuration: [0, 1, 2, 3, 4, 5, 6, 7, 8, 10, 11, 12, 13, 14, 15, 16, 18, 19, 20, 22, 25, 26, 27, 28, 29, 30, 32, 33, 34, 35, 36, 37, 38, 39, 41, 42, 43, 44, 45, 46, 49, 50, 51, 52, 54, 55, 56, 57, 58, 59, 60, 61, 62, 64, 65, 66, 67, 68, 72, 74, 76, 77, 78, 79, 80, 83, 84, 85, 87, 89, 90, 91, 92, 95, 96, 97, 98, 99, 100, 101, 104, 105, 107, 108, 109, 111, 113, 114, 116, 117, 118, 119, 120, 121, 123, 124, 126, 127, 129, 130, 131, 132, 133, 134, 135, 138, 139, 140, 141, 142, 144, 145, 148, 149, 150, 151, 154, 155, 156, 157, 158, 160, 163, 164, 165, 166, 167, 168, 170, 171, 172, 173, 175, 176, 177, 178, 179, 180, 183, 184, 185, 186, 188, 190, 191, 192, 193, 194, 195, 196, 197, 198, 199, 200, 201, 202, 203, 204, 205, 206, 207, 208, 209, 211, 212, 213, 214, 215, 216, 217, 218, 219, 220, 221, 222, 223, 224, 227, 228, 229, 231, 233, 234, 235, 236, 238, 239, 240, 242, 243, 244, 245, 246, 249, 253, 256, 257, 258, 259, 261, 262, 263, 264, 268, 269, 270, 272, 274, 276, 278, 279, 280, 281, 282, 288]

 Run number: 14

Current generation...: 100
Best solution found so far in island: Weight left: 4.0 Value: 9740460

Current generation...: 200
Best solution found so far in island: Weight left: 130.0 Value: 9740808

Current generation...: 300
Best solution found so far in island: Weight left: 8.0 Value: 9741352

Current generation...: 400
Best solution found so far in island: Weight left: 8.0 Value: 9741352

Current generation...: 499
Best solution found so far in island: Weight left: 8.0 Value: 9741352

Solution found in island:
Weight left: 8.0
Value: 9741352
Backpack configuration: [0, 1, 2, 3, 4, 6, 8, 9, 11, 13, 14, 15, 17, 19, 20, 21, 22, 23, 24, 25, 26, 28, 29, 31, 32, 33, 36, 38, 40, 41, 42, 44, 45, 46, 48, 49, 50, 53, 54, 55, 57, 58, 59, 61, 62, 65, 67, 68, 70, 71, 73, 75, 76, 77, 78, 80, 82, 83, 84, 85, 87, 88, 89, 90, 92, 93, 94, 97, 98, 100, 101, 102, 104, 105, 107, 109, 110, 111, 112, 114, 115, 116, 117, 118, 119, 120, 121, 123, 125, 126, 128, 129, 130, 131, 133, 134, 135, 138, 140, 141, 142, 143, 144, 145, 146, 147, 148, 150, 151, 153, 155, 158, 160, 161, 163, 165, 166, 167, 168, 169, 170, 171, 172, 173, 174, 175, 176, 177, 179, 180, 181, 182, 183, 184, 185, 187, 188, 189, 190, 191, 192, 193, 194, 195, 197, 199, 200, 201, 202, 203, 208, 210, 211, 215, 217, 218, 220, 222, 225, 226, 227, 229, 230, 231, 232, 233, 235, 237, 239, 241, 242, 243, 245, 246, 247, 248, 249, 251, 252, 253, 255, 256, 257, 258, 260, 261, 262, 263, 264, 265, 267, 268, 269, 270, 271, 273, 275, 276, 277, 278, 281, 282, 283, 285, 287, 289, 293, 298]

 Run number: 15

Current generation...: 100
Best solution found so far in island: Weight left: 80.0 Value: 9742808

Current generation...: 200
Best solution found so far in island: Weight left: 8.0 Value: 9743452

Current generation...: 300
Best solution found so far in island: Weight left: 116.0 Value: 9743736

Current generation...: 400
Best solution found so far in island: Weight left: 40.0 Value: 9743888

Current generation...: 499
Best solution found so far in island: Weight left: 40.0 Value: 9743888

Solution found in island:
Weight left: 40.0
Value: 9743888
Backpack configuration: [0, 1, 2, 3, 4, 7, 8, 9, 10, 11, 12, 13, 14, 15, 16, 18, 19, 20, 21, 22, 24, 25, 26, 28, 29, 30, 31, 33, 34, 35, 36, 37, 38, 39, 40, 41, 42, 43, 44, 45, 46, 47, 48, 49, 50, 53, 54, 55, 56, 59, 60, 61, 63, 64, 65, 66, 68, 69, 70, 71, 74, 75, 76, 78, 79, 80, 82, 84, 85, 87, 88, 89, 90, 91, 93, 94, 96, 97, 98, 99, 101, 103, 104, 105, 108, 109, 110, 115, 116, 117, 118, 119, 120, 121, 122, 123, 125, 126, 128, 129, 130, 131, 135, 136, 138, 139, 141, 144, 145, 146, 147, 150, 151, 153, 154, 157, 158, 159, 160, 161, 162, 163, 164, 165, 166, 168, 169, 170, 172, 173, 176, 177, 178, 181, 182, 183, 184, 186, 187, 188, 189, 190, 191, 192, 197, 198, 199, 200, 201, 202, 206, 207, 208, 209, 210, 211, 212, 216, 217, 218, 221, 222, 223, 224, 225, 227, 228, 229, 230, 232, 235, 236, 237, 239, 240, 241, 242, 243, 245, 246, 247, 248, 249, 250, 251, 252, 254, 255, 258, 259, 261, 262, 263, 264, 265, 266, 267, 268, 270, 271, 273, 274, 275, 276, 277, 278, 279, 281, 282, 283, 286, 290, 291, 292]

 Run number: 16

Current generation...: 100
Best solution found so far in island: Weight left: 32.0 Value: 9746004

Current generation...: 200
Best solution found so far in island: Weight left: 1.0 Value: 9746566

Current generation...: 300
Best solution found so far in island: Weight left: 1.0 Value: 9746566

Current generation...: 400
Best solution found so far in island: Weight left: 1.0 Value: 9746566

Current generation...: 499
Best solution found so far in island: Weight left: 1.0 Value: 9746566

Solution found in island:
Weight left: 1.0
Value: 9746566
Backpack configuration: [1, 2, 3, 5, 8, 9, 10, 11, 12, 14, 15, 16, 17, 18, 20, 21, 22, 23, 24, 25, 28, 30, 33, 36, 37, 38, 39, 41, 42, 43, 44, 45, 46, 47, 48, 50, 51, 53, 55, 57, 58, 61, 62, 64, 66, 67, 69, 70, 71, 72, 73, 74, 75, 76, 77, 78, 81, 82, 83, 84, 85, 86, 87, 88, 89, 90, 91, 92, 94, 95, 96, 98, 99, 100, 102, 106, 108, 109, 111, 112, 113, 115, 116, 118, 120, 121, 123, 124, 125, 126, 127, 128, 130, 131, 132, 133, 135, 136, 137, 138, 139, 140, 141, 142, 143, 144, 145, 146, 147, 150, 151, 154, 155, 156, 157, 159, 160, 162, 163, 164, 165, 166, 167, 168, 169, 170, 171, 172, 173, 175, 176, 177, 178, 179, 182, 184, 185, 187, 190, 192, 193, 194, 195, 197, 199, 201, 202, 203, 205, 206, 208, 212, 213, 215, 217, 218, 219, 220, 222, 223, 224, 225, 227, 228, 229, 230, 231, 232, 233, 234, 235, 236, 237, 238, 239, 240, 241, 242, 243, 244, 245, 247, 248, 249, 250, 251, 252, 253, 254, 255, 257, 258, 259, 261, 262, 264, 267, 268, 270, 272, 273, 274, 275, 277, 278, 279, 281, 282, 284, 285, 286, 287, 288, 289, 290, 292, 293, 294, 295, 296, 297, 298]

 Run number: 17

Current generation...: 100
Best solution found so far in island: Weight left: 165.0 Value: 9751838

Current generation...: 200
Best solution found so far in island: Weight left: 89.0 Value: 9751990

Current generation...: 300
Best solution found so far in island: Weight left: 77.0 Value: 9752014

Current generation...: 400
Best solution found so far in island: Weight left: 5.0 Value: 9752158

Current generation...: 499
Best solution found so far in island: Weight left: 5.0 Value: 9752158

Solution found in island:
Weight left: 5.0
Value: 9752158
Backpack configuration: [2, 3, 4, 5, 6, 8, 9, 10, 11, 13, 14, 16, 17, 18, 19, 20, 21, 22, 23, 24, 25, 26, 27, 28, 29, 30, 31, 32, 33, 34, 36, 37, 38, 39, 41, 42, 43, 44, 45, 46, 47, 48, 49, 50, 51, 53, 54, 55, 56, 57, 58, 59, 60, 61, 62, 63, 64, 65, 66, 67, 68, 69, 70, 71, 72, 73, 74, 75, 76, 77, 78, 80, 81, 82, 83, 84, 86, 88, 89, 91, 92, 93, 94, 95, 96, 97, 98, 99, 100, 101, 102, 104, 105, 106, 110, 113, 114, 115, 116, 117, 118, 120, 121, 122, 124, 125, 126, 127, 129, 130, 131, 132, 136, 137, 138, 140, 141, 142, 145, 146, 147, 150, 151, 152, 153, 154, 155, 156, 157, 158, 159, 162, 163, 165, 166, 168, 169, 171, 172, 173, 175, 176, 177, 178, 179, 180, 181, 183, 184, 185, 186, 188, 189, 191, 193, 195, 196, 197, 198, 199, 200, 201, 202, 203, 204, 207, 208, 209, 211, 212, 213, 214, 216, 217, 218, 219, 220, 222, 223, 224, 225, 226, 227, 228, 229, 230, 231, 232, 234, 235, 239, 240, 241, 243, 244, 245, 246, 247, 250, 252, 253, 254, 256, 257, 258, 259, 260, 262, 263, 266, 267, 268, 269, 270, 271, 275, 276, 277, 279, 280, 281, 282, 283, 284, 285, 286, 287, 288, 289, 290, 291, 292, 293, 298]

 Run number: 18

Current generation...: 100
Best solution found so far in island: Weight left: 9.0 Value: 9744350

Current generation...: 200
Best solution found so far in island: Weight left: 17.0 Value: 9744834

Current generation...: 300
Best solution found so far in island: Weight left: 166.0 Value: 9745336

Current generation...: 400
Best solution found so far in island: Weight left: 78.0 Value: 9745512

Current generation...: 499
Best solution found so far in island: Weight left: 28.0 Value: 9745612

Solution found in island:
Weight left: 28.0
Value: 9745612
Backpack configuration: [2, 3, 4, 6, 7, 8, 9, 10, 11, 12, 14, 16, 17, 19, 21, 23, 26, 28, 30, 31, 32, 33, 34, 37, 38, 39, 40, 43, 44, 45, 48, 49, 50, 51, 52, 54, 55, 56, 58, 59, 60, 61, 62, 64, 66, 67, 68, 69, 71, 73, 74, 75, 76, 77, 79, 80, 82, 83, 84, 86, 88, 90, 91, 92, 93, 94, 95, 97, 99, 100, 102, 104, 106, 108, 110, 111, 112, 113, 114, 116, 118, 119, 120, 121, 122, 123, 124, 126, 127, 128, 129, 130, 131, 132, 133, 134, 135, 137, 138, 139, 140, 141, 142, 144, 145, 146, 147, 148, 149, 150, 152, 153, 154, 155, 156, 157, 158, 159, 160, 161, 162, 163, 164, 166, 167, 168, 169, 170, 171, 172, 173, 175, 176, 177, 178, 179, 180, 182, 184, 185, 187, 188, 189, 190, 192, 193, 195, 197, 198, 199, 200, 202, 203, 204, 206, 207, 208, 209, 210, 211, 212, 213, 217, 219, 220, 221, 222, 223, 224, 226, 228, 229, 230, 231, 232, 233, 234, 235, 236, 237, 238, 239, 241, 242, 243, 244, 245, 246, 248, 251, 253, 255, 256, 257, 258, 259, 261, 262, 263, 264, 265, 266, 268, 269, 270, 272, 273, 274, 275, 276, 277, 279, 280, 281, 282, 288, 290, 292, 299]

 Run number: 19

Current generation...: 100
Best solution found so far in island: Weight left: 4.0 Value: 9747060

Current generation...: 200
Best solution found so far in island: Weight left: 4.0 Value: 9747060

Current generation...: 300
Best solution found so far in island: Weight left: 4.0 Value: 9747060

Current generation...: 400
Best solution found so far in island: Weight left: 4.0 Value: 9747060

Current generation...: 499
Best solution found so far in island: Weight left: 4.0 Value: 9747060

Solution found in island:
Weight left: 4.0
Value: 9747060
Backpack configuration: [1, 2, 3, 4, 5, 6, 7, 8, 10, 11, 12, 13, 14, 16, 18, 19, 20, 22, 23, 24, 25, 28, 29, 30, 32, 33, 35, 37, 38, 39, 41, 42, 43, 44, 45, 46, 47, 48, 49, 50, 51, 52, 54, 55, 56, 57, 58, 60, 61, 62, 64, 65, 67, 68, 71, 72, 73, 75, 76, 77, 78, 80, 81, 83, 85, 87, 88, 89, 90, 91, 92, 94, 95, 96, 99, 100, 101, 102, 104, 108, 110, 112, 113, 114, 115, 117, 118, 120, 121, 122, 123, 124, 125, 126, 127, 128, 129, 130, 134, 135, 137, 138, 139, 140, 142, 143, 144, 146, 147, 150, 153, 154, 155, 156, 158, 159, 161, 162, 163, 165, 167, 168, 169, 170, 171, 172, 173, 175, 176, 177, 178, 180, 181, 184, 189, 190, 191, 192, 193, 194, 195, 196, 198, 199, 200, 203, 204, 206, 207, 208, 209, 211, 213, 214, 216, 217, 218, 219, 220, 222, 223, 224, 225, 226, 227, 228, 229, 230, 231, 232, 233, 234, 235, 236, 237, 238, 239, 240, 241, 242, 243, 244, 245, 247, 248, 249, 251, 252, 255, 257, 259, 260, 261, 263, 265, 266, 267, 268, 269, 270, 271, 272, 273, 275, 276, 278, 279, 280, 281, 283, 284, 285, 288, 289, 290, 291, 292, 294, 295, 296, 297]

 Run number: 20

Current generation...: 100
Best solution found so far in island: Weight left: 129.0 Value: 9744010

Current generation...: 200
Best solution found so far in island: Weight left: 65.0 Value: 9744138

Current generation...: 300
Best solution found so far in island: Weight left: 25.0 Value: 9744218

Current generation...: 400
Best solution found so far in island: Weight left: 15.0 Value: 9744238

Current generation...: 499
Best solution found so far in island: Weight left: 15.0 Value: 9744238

Solution found in island:
Weight left: 15.0
Value: 9744238
Backpack configuration: [0, 1, 2, 3, 5, 8, 9, 10, 11, 12, 13, 14, 15, 16, 21, 22, 23, 24, 26, 27, 28, 29, 32, 33, 34, 36, 38, 39, 41, 42, 43, 44, 45, 47, 48, 49, 51, 53, 54, 55, 56, 58, 60, 61, 63, 64, 65, 66, 67, 69, 70, 71, 72, 74, 75, 76, 77, 78, 79, 80, 83, 85, 88, 90, 92, 93, 95, 96, 97, 98, 99, 104, 105, 107, 108, 110, 113, 114, 115, 116, 117, 118, 119, 120, 122, 123, 125, 127, 128, 130, 131, 132, 133, 134, 135, 136, 137, 138, 141, 142, 145, 148, 149, 150, 151, 152, 153, 160, 162, 163, 164, 165, 167, 168, 169, 170, 171, 172, 173, 175, 176, 177, 178, 179, 180, 182, 184, 187, 188, 189, 190, 191, 192, 194, 195, 196, 197, 198, 199, 200, 201, 202, 203, 204, 206, 208, 209, 211, 212, 213, 214, 215, 216, 218, 219, 220, 221, 222, 223, 224, 225, 226, 227, 228, 229, 230, 231, 232, 233, 234, 236, 237, 238, 240, 241, 242, 243, 244, 245, 248, 249, 251, 252, 253, 254, 255, 256, 257, 258, 259, 261, 263, 264, 265, 266, 267, 268, 269, 271, 273, 274, 275, 276, 277, 279, 280, 281, 282, 283, 289, 290, 291, 292, 294, 297]

 Run number: 21

Current generation...: 100
Best solution found so far in island: Weight left: 53.0 Value: 9746562

Current generation...: 200
Best solution found so far in island: Weight left: 13.0 Value: 9746642

Current generation...: 300
Best solution found so far in island: Weight left: 3.0 Value: 9746662

Current generation...: 400
Best solution found so far in island: Weight left: 3.0 Value: 9746662

Current generation...: 499
Best solution found so far in island: Weight left: 3.0 Value: 9746662

Solution found in island:
Weight left: 3.0
Value: 9746662
Backpack configuration: [1, 2, 3, 4, 5, 6, 7, 8, 9, 10, 11, 12, 13, 14, 16, 17, 18, 21, 22, 23, 24, 25, 26, 29, 30, 31, 32, 33, 34, 35, 37, 38, 39, 40, 41, 43, 44, 45, 46, 47, 48, 49, 50, 51, 53, 54, 55, 56, 57, 59, 60, 61, 63, 64, 68, 69, 70, 71, 72, 74, 75, 76, 77, 78, 79, 80, 81, 82, 83, 85, 86, 87, 88, 89, 90, 91, 92, 93, 95, 96, 97, 99, 101, 102, 103, 104, 105, 106, 107, 108, 109, 110, 111, 113, 114, 118, 119, 121, 123, 124, 125, 126, 128, 129, 130, 131, 132, 133, 134, 135, 138, 139, 140, 142, 143, 144, 146, 147, 149, 150, 151, 153, 154, 155, 156, 157, 158, 159, 160, 162, 163, 165, 166, 167, 168, 169, 172, 173, 175, 176, 178, 179, 180, 184, 185, 186, 187, 188, 189, 191, 193, 194, 195, 196, 198, 199, 200, 201, 202, 203, 204, 205, 207, 208, 210, 211, 213, 214, 215, 217, 218, 219, 220, 221, 224, 225, 226, 227, 228, 231, 232, 233, 234, 235, 236, 237, 238, 239, 240, 244, 245, 246, 247, 248, 249, 251, 252, 254, 256, 257, 258, 259, 262, 263, 264, 270, 272, 273, 274, 275, 276, 277, 279, 280, 281, 282, 288, 290, 292, 294, 298]

 Run number: 22

Current generation...: 100
Best solution found so far in island: Weight left: 39.0 Value: 9749490

Current generation...: 200
Best solution found so far in island: Weight left: 29.0 Value: 9749510

Current generation...: 300
Best solution found so far in island: Weight left: 65.0 Value: 9749738

Current generation...: 400
Best solution found so far in island: Weight left: 2.0 Value: 9750064

Current generation...: 499
Best solution found so far in island: Weight left: 2.0 Value: 9750064

Solution found in island:
Weight left: 2.0
Value: 9750064
Backpack configuration: [0, 2, 3, 4, 6, 7, 8, 9, 10, 11, 13, 14, 15, 18, 19, 23, 24, 25, 26, 28, 33, 34, 35, 36, 37, 38, 39, 41, 42, 43, 44, 45, 46, 47, 48, 49, 50, 51, 54, 55, 58, 59, 60, 61, 62, 63, 64, 66, 67, 68, 69, 70, 71, 73, 74, 75, 76, 77, 78, 79, 80, 82, 83, 84, 85, 86, 87, 88, 89, 90, 91, 93, 94, 96, 97, 98, 99, 100, 101, 102, 104, 107, 108, 109, 110, 114, 115, 116, 118, 121, 123, 125, 126, 127, 128, 129, 130, 131, 132, 133, 134, 135, 136, 137, 138, 139, 140, 141, 142, 143, 145, 147, 148, 149, 150, 152, 153, 154, 156, 158, 160, 161, 162, 163, 164, 165, 166, 167, 169, 170, 171, 173, 174, 175, 176, 177, 178, 179, 181, 182, 183, 184, 185, 187, 189, 191, 192, 193, 194, 195, 197, 198, 199, 200, 201, 202, 204, 206, 207, 209, 210, 211, 212, 213, 215, 216, 217, 219, 220, 221, 223, 224, 225, 226, 227, 228, 229, 230, 231, 232, 233, 234, 235, 236, 237, 239, 240, 241, 242, 243, 244, 245, 247, 248, 249, 250, 252, 253, 255, 256, 257, 258, 259, 261, 262, 263, 264, 265, 266, 267, 268, 269, 270, 271, 272, 273, 274, 275, 276, 278, 279, 280, 281, 283, 285, 286, 287, 288, 290]

 Run number: 23

Current generation...: 100
Best solution found so far in island: Weight left: 166.0 Value: 9750736

Current generation...: 200
Best solution found so far in island: Weight left: 32.0 Value: 9751004

Current generation...: 300
Best solution found so far in island: Weight left: 4.0 Value: 9751560

Current generation...: 400
Best solution found so far in island: Weight left: 8.0 Value: 9751852

Current generation...: 499
Best solution found so far in island: Weight left: 0.0 Value: 9751868

Solution found in island:
Weight left: 0.0
Value: 9751868
Backpack configuration: [0, 1, 2, 3, 4, 5, 6, 7, 8, 9, 10, 11, 12, 13, 14, 16, 17, 18, 19, 20, 21, 22, 23, 26, 28, 29, 30, 31, 32, 33, 34, 35, 36, 37, 38, 39, 41, 42, 44, 45, 46, 49, 50, 51, 53, 54, 55, 56, 57, 58, 59, 60, 62, 63, 64, 65, 66, 69, 70, 71, 72, 73, 74, 75, 76, 77, 79, 80, 81, 82, 83, 85, 86, 87, 88, 89, 90, 91, 95, 96, 98, 99, 100, 102, 103, 105, 106, 107, 108, 109, 110, 111, 112, 113, 114, 115, 116, 117, 118, 119, 121, 123, 124, 125, 126, 127, 128, 129, 130, 132, 133, 134, 135, 136, 137, 138, 142, 144, 145, 146, 150, 151, 152, 153, 154, 155, 157, 158, 159, 161, 162, 163, 164, 165, 166, 167, 168, 169, 170, 171, 172, 173, 178, 179, 180, 181, 183, 184, 185, 187, 188, 189, 190, 191, 192, 195, 196, 197, 199, 200, 201, 202, 203, 204, 205, 206, 207, 208, 209, 210, 212, 213, 214, 215, 216, 219, 220, 221, 222, 223, 224, 225, 226, 227, 229, 230, 231, 232, 233, 235, 236, 237, 238, 239, 240, 241, 243, 245, 246, 247, 248, 249, 250, 252, 253, 255, 256, 257, 258, 259, 260, 261, 262, 263, 264, 265, 266, 267, 269, 271, 272, 273, 274, 275, 276, 277, 278, 279, 280, 282, 283, 284, 285, 288, 292]

 Run number: 24

Current generation...: 100
Best solution found so far in island: Weight left: 261.0 Value: 9743246

Current generation...: 200
Best solution found so far in island: Weight left: 76.0 Value: 9744116

Current generation...: 300
Best solution found so far in island: Weight left: 2.0 Value: 9744564

Current generation...: 400
Best solution found so far in island: Weight left: 2.0 Value: 9744564

Current generation...: 499
Best solution found so far in island: Weight left: 2.0 Value: 9744564

Solution found in island:
Weight left: 2.0
Value: 9744564
Backpack configuration: [0, 1, 2, 3, 4, 6, 9, 10, 11, 12, 13, 14, 15, 16, 17, 18, 20, 21, 25, 26, 27, 28, 29, 30, 31, 33, 34, 35, 36, 37, 40, 42, 44, 46, 47, 49, 50, 53, 54, 55, 57, 58, 60, 62, 63, 64, 65, 66, 68, 70, 71, 73, 74, 75, 76, 78, 79, 80, 83, 86, 87, 88, 89, 91, 92, 93, 94, 95, 96, 97, 98, 99, 100, 101, 103, 104, 105, 106, 108, 109, 110, 111, 112, 113, 115, 117, 118, 119, 120, 121, 122, 123, 124, 126, 129, 130, 132, 133, 135, 136, 137, 139, 140, 141, 142, 144, 145, 146, 148, 149, 153, 154, 155, 156, 157, 159, 161, 162, 163, 164, 165, 166, 167, 169, 170, 172, 173, 175, 176, 177, 178, 180, 181, 182, 183, 184, 185, 188, 189, 190, 191, 192, 193, 195, 199, 200, 201, 202, 206, 208, 209, 210, 211, 213, 214, 215, 216, 220, 221, 222, 223, 224, 225, 226, 227, 228, 230, 231, 232, 233, 235, 238, 239, 240, 241, 242, 243, 244, 245, 246, 248, 250, 251, 255, 256, 257, 258, 259, 261, 262, 263, 265, 266, 267, 268, 269, 272, 273, 275, 276, 278, 279, 280, 281, 283, 284, 286, 288, 289, 291, 292, 293, 294, 295, 296, 297]

 Run number: 25

Current generation...: 100
Best solution found so far in island: Weight left: 38.0 Value: 9749192

Current generation...: 200
Best solution found so far in island: Weight left: 38.0 Value: 9749192

Current generation...: 300
Best solution found so far in island: Weight left: 28.0 Value: 9749212

Current generation...: 400
Best solution found so far in island: Weight left: 7.0 Value: 9749754

Current generation...: 499
Best solution found so far in island: Weight left: 7.0 Value: 9749754

Solution found in island:
Weight left: 7.0
Value: 9749754
Backpack configuration: [0, 1, 2, 3, 5, 6, 7, 8, 9, 10, 11, 12, 14, 15, 16, 21, 23, 24, 25, 26, 27, 28, 29, 30, 32, 34, 35, 36, 37, 41, 42, 43, 44, 45, 46, 47, 48, 49, 50, 51, 53, 54, 55, 56, 57, 58, 59, 61, 62, 63, 64, 65, 67, 68, 69, 71, 72, 73, 75, 76, 77, 78, 81, 82, 83, 85, 86, 87, 88, 89, 90, 91, 92, 93, 96, 97, 98, 101, 102, 104, 105, 108, 109, 110, 111, 112, 114, 115, 116, 117, 118, 119, 120, 121, 122, 123, 125, 126, 127, 128, 129, 131, 132, 133, 134, 136, 137, 138, 140, 142, 143, 144, 145, 146, 147, 148, 150, 151, 153, 154, 155, 156, 157, 158, 159, 160, 162, 163, 164, 167, 169, 170, 171, 173, 176, 177, 178, 179, 180, 181, 182, 183, 185, 187, 188, 189, 190, 191, 192, 193, 194, 196, 197, 198, 199, 200, 201, 202, 203, 206, 207, 208, 209, 211, 212, 213, 214, 215, 216, 217, 218, 219, 220, 221, 222, 224, 225, 226, 227, 229, 230, 231, 232, 233, 234, 235, 236, 237, 239, 240, 241, 242, 243, 244, 246, 247, 248, 250, 251, 253, 254, 255, 257, 258, 259, 260, 262, 263, 264, 265, 266, 268, 269, 270, 271, 272, 273, 274, 275, 276, 279, 280, 282, 283, 284, 285, 291, 293]

 Run number: 26

Current generation...: 100
Best solution found so far in island: Weight left: 88.0 Value: 9749992

Current generation...: 200
Best solution found so far in island: Weight left: 8.0 Value: 9750352

Current generation...: 300
Best solution found so far in island: Weight left: 6.0 Value: 9750356

Current generation...: 400
Best solution found so far in island: Weight left: 48.0 Value: 9750772

Current generation...: 499
Best solution found so far in island: Weight left: 48.0 Value: 9750772

Solution found in island:
Weight left: 48.0
Value: 9750772
Backpack configuration: [0, 1, 2, 3, 4, 5, 6, 7, 8, 11, 12, 13, 14, 15, 16, 17, 18, 19, 20, 21, 22, 23, 25, 27, 28, 30, 31, 32, 33, 34, 35, 36, 37, 38, 39, 42, 43, 44, 45, 46, 49, 50, 51, 53, 54, 55, 56, 57, 58, 59, 60, 62, 63, 64, 65, 66, 67, 68, 69, 70, 71, 72, 74, 75, 77, 78, 81, 82, 83, 84, 85, 86, 87, 89, 91, 93, 95, 96, 97, 98, 100, 101, 103, 104, 105, 106, 107, 108, 109, 110, 111, 112, 113, 114, 116, 117, 118, 119, 120, 121, 123, 124, 125, 126, 128, 129, 130, 131, 132, 134, 135, 136, 138, 139, 140, 142, 144, 145, 146, 147, 148, 150, 153, 154, 155, 156, 158, 159, 160, 162, 163, 164, 165, 166, 167, 168, 169, 171, 172, 173, 175, 176, 177, 178, 179, 180, 181, 183, 184, 185, 186, 187, 189, 191, 192, 193, 194, 196, 198, 200, 201, 206, 207, 208, 209, 210, 211, 212, 214, 215, 216, 217, 218, 219, 220, 221, 223, 224, 225, 227, 228, 229, 231, 232, 233, 234, 235, 236, 238, 239, 240, 242, 243, 244, 245, 247, 248, 250, 252, 253, 255, 257, 258, 259, 260, 262, 263, 265, 268, 269, 270, 272, 273, 274, 275, 276, 277, 278, 279, 280, 281, 282, 283, 284, 286, 287, 288, 290, 291, 292, 293, 294, 298]

 Run number: 27

Current generation...: 100
Best solution found so far in island: Weight left: 15.0 Value: 9744438

Current generation...: 200
Best solution found so far in island: Weight left: 153.0 Value: 9745562

Current generation...: 300
Best solution found so far in island: Weight left: 151.0 Value: 9745566

Current generation...: 400
Best solution found so far in island: Weight left: 59.0 Value: 9746250

Current generation...: 499
Best solution found so far in island: Weight left: 35.0 Value: 9747098

Solution found in island:
Weight left: 35.0
Value: 9747098
Backpack configuration: [0, 2, 3, 4, 6, 8, 9, 10, 11, 12, 14, 15, 16, 18, 20, 21, 22, 23, 24, 25, 26, 27, 28, 32, 33, 34, 35, 37, 38, 40, 41, 42, 43, 45, 48, 49, 50, 51, 54, 55, 56, 60, 61, 62, 63, 64, 65, 66, 68, 69, 71, 72, 73, 74, 75, 76, 77, 79, 81, 82, 83, 84, 85, 87, 89, 90, 91, 92, 94, 95, 96, 97, 98, 99, 100, 101, 102, 103, 105, 106, 108, 109, 110, 111, 112, 113, 114, 115, 116, 117, 120, 121, 122, 125, 126, 127, 129, 130, 131, 133, 134, 136, 137, 139, 140, 141, 142, 143, 144, 145, 146, 147, 149, 150, 151, 152, 153, 154, 155, 156, 157, 158, 159, 160, 162, 163, 164, 165, 166, 167, 170, 171, 172, 173, 175, 177, 178, 179, 180, 181, 182, 183, 184, 185, 186, 187, 189, 190, 191, 192, 193, 194, 195, 196, 198, 199, 200, 201, 202, 204, 206, 208, 210, 212, 213, 215, 216, 217, 218, 220, 222, 223, 224, 225, 226, 229, 230, 232, 233, 234, 236, 238, 240, 241, 242, 245, 246, 247, 248, 249, 250, 252, 253, 255, 258, 259, 261, 262, 263, 264, 266, 267, 268, 271, 272, 273, 274, 275, 276, 279, 280, 281, 282, 283, 284, 285, 286, 287, 289, 290, 294, 295]

 Run number: 28

Current generation...: 100
Best solution found so far in island: Weight left: 137.0 Value: 9742194

Current generation...: 200
Best solution found so far in island: Weight left: 19.0 Value: 9742430

Current generation...: 300
Best solution found so far in island: Weight left: 19.0 Value: 9742430

Current generation...: 400
Best solution found so far in island: Weight left: 19.0 Value: 9742430

Current generation...: 499
Best solution found so far in island: Weight left: 79.0 Value: 9742610

Solution found in island:
Weight left: 79.0
Value: 9742610
Backpack configuration: [1, 3, 5, 7, 8, 9, 10, 12, 13, 14, 15, 17, 18, 20, 21, 22, 23, 24, 26, 28, 29, 31, 32, 34, 36, 38, 40, 41, 42, 43, 44, 45, 47, 48, 49, 52, 54, 55, 56, 57, 58, 59, 60, 63, 66, 67, 68, 70, 72, 73, 74, 75, 76, 78, 81, 82, 83, 85, 86, 87, 88, 89, 92, 93, 94, 95, 96, 97, 99, 100, 101, 103, 104, 107, 109, 110, 112, 113, 117, 118, 119, 120, 121, 122, 123, 124, 126, 128, 129, 131, 132, 133, 135, 136, 137, 138, 139, 140, 142, 143, 144, 145, 146, 147, 148, 149, 152, 153, 154, 155, 157, 158, 159, 160, 161, 162, 164, 165, 167, 168, 169, 170, 171, 172, 173, 175, 176, 177, 178, 179, 180, 181, 183, 187, 188, 189, 190, 191, 192, 194, 196, 197, 198, 199, 200, 202, 203, 204, 206, 207, 208, 210, 211, 212, 213, 214, 217, 218, 219, 220, 221, 222, 223, 225, 226, 227, 229, 230, 231, 232, 235, 236, 237, 238, 241, 242, 243, 244, 245, 246, 247, 249, 250, 251, 252, 253, 254, 255, 256, 257, 258, 260, 261, 262, 264, 267, 268, 270, 271, 272, 273, 274, 275, 277, 278, 282, 284, 285, 288, 292, 294, 296]

 Run number: 29

Current generation...: 100
Best solution found so far in island: Weight left: 82.0 Value: 9744304

Current generation...: 200
Best solution found so far in island: Weight left: 42.0 Value: 9744384

Current generation...: 300
Best solution found so far in island: Weight left: 42.0 Value: 9744384

Current generation...: 400
Best solution found so far in island: Weight left: 16.0 Value: 9744736

Current generation...: 499
Best solution found so far in island: Weight left: 6.0 Value: 9744756

Solution found in island:
Weight left: 6.0
Value: 9744756
Backpack configuration: [1, 2, 3, 4, 5, 6, 7, 8, 9, 11, 12, 13, 14, 15, 16, 17, 18, 19, 20, 21, 22, 23, 24, 25, 27, 29, 31, 32, 33, 34, 35, 36, 38, 39, 40, 42, 43, 44, 45, 47, 48, 51, 52, 54, 55, 56, 57, 58, 60, 61, 63, 64, 65, 66, 67, 69, 70, 72, 75, 76, 77, 78, 79, 82, 83, 84, 87, 88, 91, 92, 93, 94, 95, 96, 97, 98, 99, 100, 101, 102, 103, 105, 106, 111, 112, 113, 115, 116, 117, 118, 119, 120, 122, 123, 124, 126, 131, 132, 133, 134, 135, 137, 138, 139, 140, 142, 143, 145, 146, 148, 150, 152, 153, 154, 155, 156, 158, 159, 160, 161, 162, 163, 166, 167, 168, 169, 170, 171, 173, 175, 176, 177, 178, 179, 180, 181, 185, 187, 188, 189, 190, 191, 192, 193, 195, 196, 197, 198, 199, 200, 201, 204, 205, 207, 208, 209, 210, 211, 212, 213, 214, 215, 217, 218, 219, 220, 221, 222, 223, 224, 225, 226, 227, 230, 231, 232, 233, 234, 235, 236, 237, 238, 239, 240, 241, 242, 244, 246, 247, 248, 249, 251, 252, 253, 254, 255, 256, 257, 258, 259, 261, 262, 263, 264, 265, 266, 267, 268, 270, 271, 272, 273, 274, 276, 277, 279]

 Run number: 30

Current generation...: 100
Best solution found so far in island: Weight left: 133.0 Value: 9743902

Current generation...: 200
Best solution found so far in island: Weight left: 61.0 Value: 9744246

Current generation...: 300
Best solution found so far in island: Weight left: 51.0 Value: 9744266

Current generation...: 400
Best solution found so far in island: Weight left: 37.0 Value: 9744294

Current generation...: 499
Best solution found so far in island: Weight left: 16.0 Value: 9744836

Solution found in island:
Weight left: 16.0
Value: 9744836
Backpack configuration: [0, 2, 3, 4, 5, 6, 7, 8, 9, 10, 11, 12, 14, 18, 20, 22, 23, 24, 25, 26, 27, 28, 30, 31, 32, 33, 34, 35, 36, 38, 41, 42, 43, 44, 45, 46, 47, 48, 49, 50, 51, 53, 54, 55, 57, 58, 60, 62, 63, 64, 65, 66, 67, 69, 71, 72, 73, 74, 75, 76, 77, 78, 80, 81, 82, 83, 85, 86, 87, 89, 91, 92, 93, 94, 95, 99, 100, 101, 103, 104, 105, 107, 108, 109, 111, 112, 113, 114, 116, 117, 119, 120, 121, 122, 124, 125, 126, 127, 129, 132, 133, 134, 137, 138, 140, 141, 142, 143, 145, 146, 148, 149, 150, 151, 153, 155, 156, 157, 158, 160, 161, 162, 163, 164, 166, 167, 168, 171, 172, 173, 175, 177, 178, 179, 180, 183, 185, 187, 188, 189, 190, 191, 193, 195, 196, 197, 198, 199, 200, 201, 204, 205, 207, 208, 209, 211, 212, 214, 215, 216, 218, 219, 224, 225, 226, 227, 228, 229, 230, 231, 232, 234, 235, 236, 237, 238, 239, 240, 242, 243, 244, 245, 246, 247, 249, 251, 252, 254, 255, 257, 258, 259, 260, 261, 263, 264, 265, 266, 268, 270, 274, 277, 278, 280, 281, 283, 284, 285, 286, 288, 289, 290, 291, 292, 294, 295, 297]