

Run number: 1
Best general solution:
Weight left: 3.0
Value: 7656998
Backpack configuration: [0, 1, 2, 3, 5, 6, 7, 8, 9, 11, 12, 14, 15, 17, 18, 19, 20, 21, 22, 24, 25, 27, 28, 31, 32, 33, 34, 36, 37, 38, 39, 40, 41, 42, 43, 45, 46, 47, 49, 50, 51, 52, 53, 54, 55, 57, 58, 60, 62, 63, 64, 65, 66, 68, 69, 71, 72, 74, 75, 77, 78, 79, 80, 81, 82, 83, 85, 87, 89, 91, 92, 95]

Run number: 2
Best general solution:
Weight left: 13.0
Value: 7660678
Backpack configuration: [0, 1, 2, 3, 4, 5, 6, 8, 9, 10, 12, 13, 15, 16, 17, 18, 19, 20, 21, 22, 23, 24, 25, 26, 28, 29, 32, 33, 35, 37, 38, 39, 40, 41, 42, 43, 44, 45, 46, 47, 48, 49, 50, 51, 52, 53, 55, 57, 58, 59, 62, 64, 65, 66, 67, 68, 70, 71, 72, 73, 74, 75, 76, 77, 78, 79, 80, 81, 82, 83, 84, 85, 86, 87, 88, 89, 90, 91, 92, 93, 94, 95, 96]

Run number: 3
Best general solution:
Weight left: 4.0
Value: 7656096
Backpack configuration: [0, 1, 2, 3, 5, 6, 7, 8, 9, 10, 11, 12, 13, 15, 17, 18, 19, 20, 22, 23, 24, 25, 26, 27, 28, 30, 31, 32, 33, 34, 35, 37, 38, 39, 41, 43, 45, 46, 47, 48, 49, 50, 55, 58, 59, 63, 64, 65, 66, 68, 69, 71, 72, 73, 74, 75, 77, 78, 79, 80, 81, 82, 83, 85, 87, 89, 91, 92, 93, 94, 95]

Run number: 4
Best general solution:
Weight left: 2.0
Value: 7656500
Backpack configuration: [0, 1, 2, 3, 4, 5, 7, 8, 10, 11, 13, 14, 15, 16, 17, 18, 19, 20, 21, 23, 24, 25, 26, 27, 28, 29, 31, 33, 34, 35, 36, 37, 38, 39, 40, 41, 42, 45, 50, 52, 53, 54, 58, 60, 62, 64, 67, 71, 73, 74, 75, 77, 78, 79, 80, 81, 82, 83, 84, 85, 86, 87, 88, 89, 90, 91, 92, 93, 94, 95, 96]

Run number: 5
Best general solution:
Weight left: 2.0
Value: 7658400
Backpack configuration: [0, 1, 2, 3, 4, 5, 6, 7, 8, 9, 10, 11, 12, 13, 14, 15, 16, 17, 18, 19, 21, 23, 24, 25, 26, 27, 28, 29, 31, 32, 33, 34, 35, 37, 38, 39, 40, 41, 42, 43, 44, 45, 48, 49, 50, 54, 55, 57, 58, 60, 62, 63, 64, 65, 66, 69, 71, 72, 73, 74, 75, 77, 78, 79, 80, 81, 82, 84, 85, 86, 87, 89, 91, 92, 94, 95]

Run number: 6
Best general solution:
Weight left: 1.0
Value: 7658902
Backpack configuration: [0, 1, 2, 3, 4, 5, 6, 7, 8, 9, 10, 12, 13, 14, 15, 17, 18, 19, 20, 21, 23, 24, 25, 26, 28, 29, 31, 32, 33, 35, 36, 38, 39, 40, 41, 43, 44, 45, 46, 47, 48, 49, 50, 52, 53, 55, 57, 58, 59, 60, 62, 63, 64, 65, 66, 68, 69, 71, 72, 73, 74, 75, 77, 79, 80, 81, 82, 83, 85, 86, 87, 89, 91, 92, 93, 94, 95]

Run number: 7
Best general solution:
Weight left: 12.0
Value: 7660680
Backpack configuration: [0, 2, 3, 4, 5, 6, 7, 8, 9, 10, 11, 12, 13, 14, 15, 16, 17, 18, 19, 20, 22, 23, 24, 25, 26, 28, 31, 32, 33, 34, 35, 37, 39, 40, 41, 42, 44, 46, 47, 48, 49, 50, 51, 52, 53, 54, 55, 57, 58, 59, 60, 63, 64, 65, 67, 69, 70, 71, 72, 73, 74, 75, 76, 77, 78, 79, 80, 82, 83, 84, 85, 86, 87, 88, 89, 91, 92, 93, 94, 95, 96, 97, 99]

Run number: 8
Best general solution:
Weight left: 60.0
Value: 7656184
Backpack configuration: [0, 1, 2, 3, 4, 5, 6, 7, 8, 9, 10, 11, 13, 14, 15, 16, 17, 18, 19, 20, 21, 22, 24, 25, 26, 27, 28, 29, 31, 33, 34, 35, 36, 38, 39, 40, 41, 43, 45, 46, 47, 48, 49, 50, 51, 52, 53, 54, 55, 57, 58, 63, 64, 66, 67, 69, 71, 72, 74, 75, 77, 78, 79, 80, 81, 85, 87, 89, 92, 93, 95]

Run number: 9
Best general solution:
Weight left: 3.0
Value: 7652298
Backpack configuration: [0, 1, 2, 3, 4, 5, 6, 7, 8, 9, 10, 11, 12, 13, 15, 16, 18, 20, 21, 24, 28, 31, 32, 33, 35, 39, 40, 41, 42, 45, 47, 49, 50, 51, 52, 53, 54, 55, 56, 57, 58, 64, 65, 68, 69, 71, 72, 74, 75, 77, 79, 80, 81, 82, 85, 86, 89, 91, 92, 93, 95]

Run number: 10
Best general solution:
Weight left: 19.0
Value: 7659266
Backpack configuration: [0, 1, 2, 3, 4, 5, 6, 7, 8, 9, 11, 12, 13, 14, 15, 16, 17, 18, 19, 22, 23, 24, 25, 26, 27, 28, 29, 31, 33, 34, 35, 36, 38, 39, 40, 41, 43, 44, 45, 46, 47, 48, 49, 50, 51, 52, 53, 54, 57, 58, 60, 62, 63, 64, 66, 67, 69, 71, 72, 73, 74, 75, 76, 77, 78, 79, 80, 81, 82, 83, 84, 85, 86, 87, 88, 91, 92, 93, 95]

Run number: 11
Best general solution:
Weight left: 63.0
Value: 7654278
Backpack configuration: [0, 1, 2, 3, 4, 5, 6, 7, 8, 9, 10, 11, 13, 14, 15, 16, 17, 20, 22, 24, 25, 28, 29, 31, 32, 33, 34, 35, 36, 38, 39, 40, 42, 43, 44, 45, 46, 47, 48, 49, 50, 53, 54, 55, 59, 63, 64, 66, 70, 71, 72, 74, 75, 77, 78, 79, 80, 81, 82, 85, 89, 91, 92, 93, 95, 96]

Run number: 12
Best general solution:
Weight left: 7.0
Value: 7657990
Backpack configuration: [0, 1, 2, 3, 4, 5, 6, 7, 8, 9, 10, 12, 14, 15, 16, 18, 19, 20, 23, 25, 26, 29, 31, 32, 35, 36, 37, 38, 39, 40, 41, 42, 43, 44, 45, 46, 49, 50, 51, 53, 54, 55, 57, 59, 62, 64, 65, 66, 67, 68, 70, 71, 72, 74, 75, 77, 79, 80, 81, 82, 83, 84, 85, 86, 87, 88, 89, 90, 91, 92, 93, 95, 96, 97, 98, 99]

Run number: 13
Best general solution:
Weight left: 17.0
Value: 7656370
Backpack configuration: [0, 1, 2, 3, 4, 5, 6, 7, 8, 9, 10, 13, 15, 16, 17, 18, 19, 20, 23, 26, 27, 28, 29, 32, 33, 34, 35, 39, 40, 41, 43, 44, 45, 46, 47, 48, 49, 50, 53, 55, 56, 57, 58, 62, 64, 65, 66, 67, 68, 69, 71, 73, 74, 75, 77, 78, 79, 80, 81, 82, 83, 84, 85, 86, 87, 88, 89, 91, 92, 94, 95, 96]

Run number: 14
Best general solution:
Weight left: 2.0
Value: 7657800
Backpack configuration: [0, 1, 2, 3, 4, 5, 6, 7, 8, 9, 10, 11, 12, 13, 14, 15, 16, 17, 18, 19, 22, 24, 25, 27, 28, 29, 31, 33, 36, 37, 38, 39, 40, 41, 42, 44, 45, 46, 47, 48, 49, 50, 51, 52, 54, 55, 58, 59, 60, 62, 63, 64, 65, 66, 67, 68, 69, 71, 72, 73, 74, 75, 76, 77, 79, 80, 81, 82, 85, 87, 89, 91, 92, 95]

Run number: 15
Best general solution:
Weight left: 47.0
Value: 7658110
Backpack configuration: [0, 1, 2, 3, 4, 5, 6, 8, 9, 10, 11, 12, 13, 14, 15, 16, 17, 18, 19, 22, 23, 25, 27, 28, 29, 31, 32, 33, 34, 35, 36, 37, 38, 39, 40, 41, 42, 43, 44, 45, 47, 50, 51, 52, 53, 55, 57, 58, 60, 62, 63, 64, 66, 67, 68, 69, 71, 72, 73, 74, 75, 77, 78, 79, 82, 83, 84, 85, 87, 89, 91, 92, 93, 94, 95, 96]

Run number: 16
Best general solution:
Weight left: 0.0
Value: 7654804
Backpack configuration: [0, 2, 3, 4, 5, 6, 7, 8, 9, 10, 11, 13, 14, 16, 17, 18, 21, 23, 25, 26, 27, 28, 32, 33, 34, 35, 37, 39, 40, 41, 42, 43, 44, 45, 47, 48, 49, 50, 51, 52, 54, 55, 57, 59, 60, 62, 63, 64, 66, 67, 68, 69, 71, 74, 75, 77, 78, 79, 81, 82, 85, 87, 89, 92, 95, 96]

Run number: 17
Best general solution:
Weight left: 0.0
Value: 7656204
Backpack configuration: [0, 1, 2, 3, 4, 5, 6, 7, 8, 9, 10, 11, 12, 13, 14, 15, 16, 17, 19, 20, 22, 25, 27, 28, 29, 33, 34, 35, 36, 37, 38, 39, 41, 42, 43, 45, 46, 47, 48, 49, 50, 51, 52, 53, 54, 55, 57, 58, 59, 60, 62, 63, 64, 65, 66, 67, 68, 69, 71, 74, 75, 77, 79, 81, 82, 85, 89, 91, 92, 95]

Run number: 18
Best general solution:
Weight left: 0.0
Value: 7653104
Backpack configuration: [0, 1, 2, 3, 4, 5, 6, 7, 8, 9, 10, 11, 12, 13, 14, 15, 16, 17, 18, 19, 20, 21, 22, 24, 25, 27, 28, 31, 33, 34, 35, 36, 37, 39, 40, 41, 42, 43, 44, 46, 47, 49, 50, 52, 53, 55, 60, 62, 67, 69, 71, 74, 75, 77, 78, 80, 81, 82, 85, 87, 89, 92, 95]

Run number: 19
Best general solution:
Weight left: 13.0
Value: 7658878
Backpack configuration: [0, 1, 2, 3, 4, 5, 6, 7, 8, 9, 10, 11, 13, 14, 15, 17, 18, 20, 23, 24, 26, 27, 28, 29, 31, 32, 33, 34, 35, 36, 38, 39, 40, 41, 42, 43, 45, 47, 48, 49, 50, 52, 53, 55, 57, 58, 59, 60, 62, 63, 64, 66, 67, 68, 69, 70, 71, 72, 73, 74, 75, 77, 78, 79, 80, 82, 83, 84, 85, 87, 89, 91, 92, 93, 94, 95, 96]

Run number: 20
Best general solution:
Weight left: 3.0
Value: 7656598
Backpack configuration: [0, 1, 2, 3, 4, 5, 6, 7, 8, 9, 10, 11, 12, 13, 14, 15, 16, 18, 19, 22, 23, 25, 26, 27, 28, 29, 32, 33, 35, 37, 38, 39, 40, 41, 42, 43, 44, 45, 47, 48, 49, 50, 52, 53, 54, 55, 57, 60, 62, 63, 64, 65, 66, 70, 71, 73, 74, 75, 77, 78, 79, 80, 81, 82, 83, 85, 87, 89, 91, 92, 94, 95]

Run number: 21
Best general solution:
Weight left: 50.0
Value: 7656704
Backpack configuration: [0, 1, 2, 3, 5, 6, 7, 8, 9, 10, 13, 14, 15, 16, 17, 18, 19, 20, 21, 22, 23, 24, 25, 27, 28, 29, 32, 33, 34, 35, 36, 37, 38, 39, 40, 43, 44, 45, 47, 48, 50, 51, 53, 54, 55, 63, 64, 65, 66, 67, 68, 71, 72, 73, 74, 75, 76, 77, 78, 79, 80, 83, 85, 87, 88, 89, 91, 92, 94, 95, 96, 98]

Run number: 22
Best general solution:
Weight left: 2.0
Value: 7658700
Backpack configuration: [0, 1, 2, 3, 4, 5, 6, 7, 8, 9, 10, 11, 12, 13, 14, 15, 16, 17, 18, 19, 20, 21, 22, 23, 24, 25, 27, 28, 29, 31, 33, 35, 37, 38, 39, 40, 41, 43, 44, 45, 46, 47, 48, 49, 50, 51, 52, 53, 55, 57, 58, 59, 62, 63, 64, 65, 66, 67, 69, 71, 72, 74, 75, 76, 77, 78, 79, 80, 81, 82, 83, 85, 87, 89, 91, 92, 95]

Run number: 23
Best general solution:
Weight left: 10.0
Value: 7655884
Backpack configuration: [0, 1, 2, 3, 4, 5, 7, 8, 10, 11, 13, 15, 16, 17, 18, 19, 20, 21, 23, 24, 25, 26, 27, 28, 31, 32, 33, 34, 35, 36, 37, 38, 39, 40, 41, 45, 46, 47, 49, 50, 51, 53, 54, 55, 58, 59, 60, 62, 63, 64, 65, 66, 71, 74, 75, 77, 78, 79, 81, 82, 83, 85, 87, 89, 91, 92, 93, 95, 96]

Run number: 24
Best general solution:
Weight left: 4.0
Value: 7659196
Backpack configuration: [0, 1, 2, 3, 4, 5, 6, 7, 8, 9, 10, 11, 12, 13, 14, 15, 16, 17, 18, 19, 20, 23, 24, 25, 26, 27, 28, 29, 31, 32, 33, 34, 35, 36, 37, 38, 39, 40, 41, 42, 44, 45, 46, 48, 50, 53, 55, 57, 58, 59, 60, 62, 63, 64, 66, 68, 69, 71, 73, 74, 75, 76, 77, 78, 79, 80, 81, 82, 83, 84, 85, 87, 89, 91, 92, 93, 94, 95]

Run number: 25
Best general solution:
Weight left: 25.0
Value: 7655154
Backpack configuration: [0, 1, 2, 3, 4, 5, 6, 7, 8, 9, 10, 11, 12, 13, 14, 15, 19, 20, 21, 22, 24, 25, 26, 28, 32, 34, 37, 39, 40, 41, 42, 44, 45, 47, 48, 49, 50, 51, 53, 54, 55, 57, 58, 60, 62, 63, 64, 66, 68, 69, 70, 71, 72, 74, 75, 77, 78, 79, 80, 81, 82, 83, 85, 87, 89, 91, 92, 95]

Run number: 26
Best general solution:
Weight left: 6.0
Value: 7654592
Backpack configuration: [0, 1, 2, 3, 4, 5, 6, 7, 8, 9, 10, 11, 18, 21, 22, 23, 24, 25, 28, 29, 30, 31, 32, 34, 37, 39, 40, 41, 42, 43, 44, 45, 46, 47, 49, 50, 51, 52, 54, 57, 58, 64, 66, 67, 68, 69, 71, 74, 75, 77, 78, 79, 80, 81, 82, 83, 84, 85, 87, 88, 89, 90, 91, 92, 93, 94, 95, 96]

Run number: 27
Best general solution:
Weight left: 24.0
Value: 7657556
Backpack configuration: [0, 1, 2, 3, 4, 5, 6, 7, 8, 9, 10, 11, 13, 14, 15, 16, 17, 19, 20, 21, 22, 23, 24, 25, 26, 27, 28, 29, 31, 34, 38, 39, 40, 41, 43, 44, 45, 46, 47, 48, 50, 51, 53, 54, 55, 57, 58, 60, 62, 63, 64, 66, 67, 68, 69, 71, 72, 74, 75, 77, 78, 79, 80, 81, 82, 83, 85, 87, 89, 91, 92, 93, 94, 95]

Run number: 28
Best general solution:
Weight left: 8.0
Value: 7655388
Backpack configuration: [0, 1, 2, 3, 4, 5, 6, 7, 8, 9, 10, 11, 13, 14, 18, 19, 20, 21, 23, 25, 27, 28, 31, 32, 34, 35, 36, 37, 38, 39, 41, 43, 44, 45, 46, 47, 49, 50, 51, 53, 54, 55, 57, 58, 59, 62, 65, 66, 67, 68, 69, 70, 71, 72, 74, 75, 77, 79, 80, 81, 82, 85, 87, 89, 91, 92, 94, 95]

Run number: 29
Best general solution:
Weight left: 98.0
Value: 7658808
Backpack configuration: [0, 2, 3, 4, 5, 6, 7, 8, 9, 10, 11, 12, 13, 14, 16, 17, 18, 19, 20, 21, 23, 24, 25, 27, 28, 29, 31, 33, 35, 37, 38, 39, 41, 42, 43, 44, 46, 47, 48, 49, 50, 51, 52, 53, 54, 55, 57, 58, 59, 64, 65, 66, 67, 68, 69, 70, 71, 72, 73, 74, 75, 76, 77, 80, 81, 82, 83, 85, 86, 87, 88, 89, 90, 91, 92, 94, 95, 96]

Run number: 30
Best general solution:
Weight left: 16.0
Value: 7655772
Backpack configuration: [0, 1, 2, 4, 5, 7, 8, 9, 12, 13, 14, 15, 16, 18, 20, 22, 23, 24, 25, 26, 27, 28, 29, 31, 33, 34, 38, 39, 40, 41, 42, 43, 45, 49, 50, 51, 52, 54, 55, 57, 58, 59, 62, 63, 64, 66, 68, 69, 70, 71, 72, 73, 74, 75, 77, 79, 81, 83, 84, 85, 87, 88, 89, 90, 91, 92, 93, 95, 96, 99]