

-------------------------------------------------------
-------------------------------------------------------

---Generated Parameters---
Population size per island: 500
Number of generations: 500
Crossover probability: 0.7
Mutation probability: 0.15
Backpack capacity: 400
Max backpack weight: 9486367
Instance used: ks_400_0

 Run number: 1

Current generation...: 100
Best solution found so far in island: Weight left: 1196.0 Value: 22768742

Current generation...: 200
Best solution found so far in island: Weight left: 360.0 Value: 22774114

Current generation...: 300
Best solution found so far in island: Weight left: 102.0 Value: 22775330

Current generation...: 400
Best solution found so far in island: Weight left: 113.0 Value: 22775608

Current generation...: 499
Best solution found so far in island: Weight left: 87.0 Value: 22775260

Solution found in island:
Weight left: 113.0
Value: 22775608
Backpack configuration: [0, 2, 5, 6, 7, 9, 10, 13, 14, 15, 17, 21, 22, 23, 24, 25, 27, 29, 30, 31, 32, 33, 34, 35, 37, 38, 39, 40, 41, 42, 48, 51, 52, 53, 54, 57, 59, 60, 62, 64, 65, 68, 69, 70, 71, 72, 73, 74, 75, 76, 77, 78, 79, 80, 81, 82, 83, 84, 88, 90, 92, 93, 94, 95, 96, 99, 100, 101, 102, 104, 106, 107, 108, 109, 111, 112, 113, 114, 115, 116, 117, 119, 120, 122, 123, 124, 125, 128, 130, 131, 133, 134, 137, 138, 139, 140, 141, 142, 143, 145, 146, 147, 148, 150, 151, 154, 155, 156, 157, 158, 159, 160, 161, 162, 165, 167, 169, 170, 173, 174, 175, 177, 179, 181, 182, 183, 184, 185, 187, 189, 190, 193, 194, 195, 196, 197, 198, 201, 202, 204, 205, 206, 207, 210, 214, 215, 216, 217, 218, 219, 221, 222, 226, 227, 228, 229, 231, 233, 234, 235, 236, 238, 239, 241, 242, 243, 245, 246, 247, 248, 250, 251, 252, 254, 255, 257, 258, 259, 260, 261, 262, 264, 265, 266, 267, 269, 272, 275, 276, 278, 279, 282, 283, 286, 289, 291, 292, 293, 295, 296, 300, 302, 304, 307, 308, 309, 310, 311, 312, 313, 314, 320, 323, 326, 328, 330, 331, 332, 334, 336, 338, 339, 340, 341, 342, 344, 345, 348, 350, 353, 354, 356, 357, 363, 364, 366, 367, 368, 369, 373, 374, 375, 377]

 Run number: 2

Current generation...: 100
Best solution found so far in island: Weight left: 596.0 Value: 22772342

Current generation...: 200
Best solution found so far in island: Weight left: 342.0 Value: 22777950

Current generation...: 300
Best solution found so far in island: Weight left: 194.0 Value: 22775646

Current generation...: 400
Best solution found so far in island: Weight left: 42.0 Value: 22779550

Current generation...: 499
Best solution found so far in island: Weight left: 566.0 Value: 22779302

Solution found in island:
Weight left: 42.0
Value: 22779550
Backpack configuration: [1, 8, 9, 10, 11, 12, 13, 14, 15, 17, 18, 19, 20, 21, 22, 24, 25, 28, 30, 32, 33, 34, 36, 37, 38, 39, 40, 41, 42, 43, 45, 47, 49, 50, 51, 52, 53, 54, 55, 56, 58, 59, 61, 66, 69, 70, 71, 72, 73, 74, 76, 77, 78, 79, 80, 81, 82, 83, 84, 85, 87, 90, 91, 93, 94, 95, 96, 97, 98, 99, 100, 101, 102, 103, 104, 106, 107, 109, 110, 112, 116, 117, 118, 120, 125, 127, 129, 130, 133, 134, 135, 136, 137, 138, 139, 140, 141, 142, 143, 144, 145, 146, 147, 148, 149, 150, 151, 152, 154, 156, 157, 158, 159, 161, 162, 163, 165, 166, 167, 170, 172, 174, 175, 176, 177, 178, 180, 182, 183, 184, 185, 186, 187, 188, 189, 190, 191, 192, 193, 198, 200, 202, 203, 206, 208, 210, 211, 212, 213, 214, 215, 216, 217, 218, 219, 220, 222, 223, 225, 228, 230, 231, 232, 233, 235, 237, 238, 239, 240, 242, 243, 244, 245, 246, 248, 249, 250, 251, 252, 253, 254, 255, 256, 258, 259, 260, 261, 263, 264, 267, 270, 272, 274, 276, 279, 281, 284, 286, 289, 290, 291, 292, 294, 296, 298, 299, 300, 301, 303, 305, 306, 307, 308, 309, 310, 312, 313, 314, 315, 316, 317, 319, 321, 322, 326, 328, 329, 330, 331, 332, 334, 338, 339, 340, 342, 344, 347, 349, 351, 353, 355, 356, 358, 360, 361, 363, 364, 365, 367, 368, 370, 373, 374, 375, 379]

 Run number: 3

Current generation...: 100
Best solution found so far in island: Weight left: 741.0 Value: 22774552

Current generation...: 200
Best solution found so far in island: Weight left: 1654.0 Value: 22768226

Current generation...: 300
Best solution found so far in island: Weight left: 1059.0 Value: 22773116

Current generation...: 400
Best solution found so far in island: Weight left: 10.0 Value: 22775114

Current generation...: 499
Best solution found so far in island: Weight left: 314.0 Value: 22775706

Solution found in island:
Weight left: 314.0
Value: 22775706
Backpack configuration: [1, 2, 3, 4, 5, 6, 7, 8, 10, 11, 13, 14, 15, 21, 22, 23, 25, 26, 27, 28, 29, 30, 32, 33, 34, 35, 36, 38, 40, 44, 45, 46, 47, 48, 49, 52, 53, 56, 57, 58, 59, 60, 62, 66, 68, 69, 70, 71, 72, 74, 76, 77, 79, 80, 81, 82, 86, 87, 88, 90, 91, 93, 94, 96, 97, 98, 99, 100, 101, 102, 103, 104, 105, 106, 108, 110, 111, 112, 114, 116, 118, 120, 123, 124, 125, 127, 128, 129, 130, 131, 132, 133, 135, 136, 137, 139, 140, 141, 144, 145, 146, 147, 149, 150, 151, 153, 154, 155, 157, 159, 160, 161, 162, 165, 167, 168, 169, 170, 171, 172, 174, 176, 180, 181, 182, 184, 187, 188, 189, 190, 193, 194, 196, 197, 198, 199, 201, 202, 203, 204, 205, 206, 209, 212, 213, 214, 215, 216, 217, 218, 219, 222, 225, 227, 228, 229, 230, 231, 233, 234, 235, 237, 238, 239, 240, 241, 245, 246, 249, 250, 254, 255, 258, 260, 261, 262, 264, 265, 266, 268, 270, 271, 272, 273, 275, 277, 280, 281, 282, 285, 289, 292, 293, 294, 295, 296, 298, 300, 301, 302, 303, 306, 307, 308, 309, 312, 313, 314, 315, 317, 319, 323, 324, 327, 328, 329, 330, 331, 333, 334, 337, 338, 339, 341, 342, 343, 345, 346, 348, 349, 351, 353, 354, 355, 356, 360, 361, 362, 363, 364, 369, 371, 372, 373, 374, 375]

 Run number: 4

Current generation...: 100
Best solution found so far in island: Weight left: 188.0 Value: 22777158

Current generation...: 200
Best solution found so far in island: Weight left: 478.0 Value: 22775878

Current generation...: 300
Best solution found so far in island: Weight left: 1198.0 Value: 22778138

Current generation...: 400
Best solution found so far in island: Weight left: 1155.0 Value: 22781724

Current generation...: 499
Best solution found so far in island: Weight left: 8.0 Value: 22780818

Solution found in island:
Weight left: 1155.0
Value: 22781724
Backpack configuration: [0, 2, 5, 6, 9, 11, 12, 13, 14, 15, 16, 18, 19, 20, 23, 28, 29, 31, 32, 33, 34, 35, 38, 39, 40, 41, 43, 44, 45, 46, 47, 50, 51, 52, 53, 55, 56, 57, 59, 61, 62, 63, 65, 66, 69, 71, 72, 73, 74, 76, 77, 78, 79, 80, 82, 83, 84, 87, 88, 89, 90, 91, 93, 94, 95, 96, 97, 98, 99, 100, 101, 102, 103, 104, 105, 106, 108, 110, 112, 113, 114, 115, 116, 117, 118, 119, 120, 121, 122, 123, 124, 125, 126, 127, 128, 129, 130, 131, 132, 133, 134, 135, 138, 139, 140, 141, 145, 146, 147, 148, 149, 151, 153, 154, 155, 157, 158, 160, 161, 162, 163, 165, 166, 168, 169, 171, 172, 174, 175, 176, 177, 178, 180, 181, 183, 185, 187, 189, 192, 193, 195, 198, 199, 200, 203, 204, 205, 206, 207, 209, 210, 212, 213, 214, 215, 216, 218, 219, 221, 223, 224, 225, 227, 228, 229, 230, 231, 232, 233, 234, 235, 236, 237, 238, 240, 241, 242, 243, 244, 245, 246, 248, 252, 253, 254, 255, 259, 261, 262, 263, 264, 265, 266, 268, 269, 270, 271, 272, 274, 275, 277, 278, 280, 281, 283, 284, 285, 286, 289, 290, 291, 292, 293, 295, 296, 297, 298, 300, 301, 302, 304, 305, 306, 307, 309, 310, 311, 313, 315, 316, 317, 318, 319, 320, 323, 326, 329, 330, 332, 333, 334, 335, 340, 342, 343, 347, 348, 350, 351, 352, 354, 355, 356, 357, 358, 359, 360, 363, 365, 367, 368, 372, 373, 375, 376]

 Run number: 5

Current generation...: 100
Best solution found so far in island: Weight left: 98.0 Value: 22772338

Current generation...: 200
Best solution found so far in island: Weight left: 365.0 Value: 22774304

Current generation...: 300
Best solution found so far in island: Weight left: 1015.0 Value: 22772704

Current generation...: 400
Best solution found so far in island: Weight left: 235.0 Value: 22774764

Current generation...: 499
Best solution found so far in island: Weight left: 467.0 Value: 22776700

Solution found in island:
Weight left: 467.0
Value: 22776700
Backpack configuration: [0, 2, 3, 4, 6, 9, 12, 13, 15, 19, 20, 21, 22, 27, 28, 31, 33, 34, 35, 36, 38, 39, 40, 42, 43, 44, 45, 46, 49, 51, 52, 53, 54, 56, 58, 60, 62, 63, 64, 65, 66, 70, 74, 75, 77, 78, 79, 80, 81, 82, 83, 85, 86, 88, 89, 90, 91, 92, 93, 94, 95, 98, 99, 100, 102, 103, 105, 106, 107, 108, 111, 112, 113, 115, 116, 118, 119, 120, 122, 123, 124, 126, 127, 128, 129, 130, 131, 132, 133, 134, 135, 138, 140, 142, 143, 144, 145, 147, 148, 149, 150, 151, 152, 154, 155, 156, 158, 159, 160, 161, 162, 163, 164, 165, 166, 167, 170, 171, 174, 175, 176, 177, 178, 179, 181, 182, 183, 184, 185, 187, 188, 189, 192, 193, 195, 196, 197, 198, 200, 201, 202, 203, 205, 208, 211, 213, 214, 215, 218, 219, 220, 222, 223, 224, 225, 227, 228, 229, 230, 231, 233, 236, 237, 238, 240, 241, 243, 245, 246, 248, 250, 252, 254, 255, 256, 257, 258, 259, 260, 261, 262, 263, 266, 267, 270, 272, 273, 274, 275, 276, 277, 278, 279, 280, 282, 283, 284, 285, 286, 287, 290, 291, 293, 294, 296, 297, 298, 299, 300, 303, 305, 306, 307, 309, 310, 312, 313, 315, 319, 321, 322, 323, 324, 327, 329, 331, 334, 339, 340, 341, 343, 344, 345, 350, 351, 353, 355, 356, 357, 358, 360, 361, 362, 364, 369, 370, 371, 374, 375]

 Run number: 6

Current generation...: 100
Best solution found so far in island: Weight left: 967.0 Value: 22769500

Current generation...: 200
Best solution found so far in island: Weight left: 2107.0 Value: 22768420

Current generation...: 300
Best solution found so far in island: Weight left: 310.0 Value: 22771414

Current generation...: 400
Best solution found so far in island: Weight left: 1149.0 Value: 22768936

Current generation...: 499
Best solution found so far in island: Weight left: 163.0 Value: 22771208

Solution found in island:
Weight left: 310.0
Value: 22771414
Backpack configuration: [0, 1, 2, 3, 4, 8, 9, 11, 12, 13, 14, 16, 18, 26, 27, 29, 30, 31, 32, 33, 35, 38, 39, 40, 42, 44, 46, 48, 50, 51, 52, 53, 54, 55, 56, 58, 59, 60, 61, 63, 66, 67, 68, 69, 70, 71, 72, 74, 75, 76, 77, 78, 79, 80, 81, 83, 85, 87, 88, 90, 91, 92, 93, 94, 95, 96, 98, 99, 102, 105, 106, 108, 109, 110, 112, 115, 117, 118, 119, 120, 121, 122, 123, 124, 125, 126, 127, 129, 131, 134, 136, 137, 138, 141, 142, 143, 144, 145, 146, 148, 149, 151, 153, 154, 155, 156, 157, 158, 159, 162, 163, 164, 166, 167, 171, 174, 176, 180, 181, 182, 183, 186, 187, 189, 190, 192, 193, 194, 195, 197, 200, 203, 207, 208, 209, 210, 211, 212, 216, 217, 218, 220, 221, 222, 223, 224, 225, 226, 228, 230, 234, 235, 236, 239, 240, 241, 242, 243, 244, 245, 248, 249, 250, 251, 252, 253, 254, 255, 257, 259, 260, 261, 262, 264, 266, 267, 271, 273, 275, 276, 278, 280, 281, 282, 284, 285, 287, 288, 289, 291, 294, 298, 299, 304, 306, 307, 310, 311, 312, 314, 316, 318, 319, 321, 324, 325, 326, 328, 332, 334, 335, 336, 338, 340, 341, 342, 343, 346, 347, 348, 351, 353, 355, 357, 358, 359, 362, 363, 365, 366, 371, 373, 375, 376, 377]

 Run number: 7

Current generation...: 100
Best solution found so far in island: Weight left: 481.0 Value: 22774472

Current generation...: 200
Best solution found so far in island: Weight left: 1614.0 Value: 22770106

Current generation...: 300
Best solution found so far in island: Weight left: 469.0 Value: 22773496

Current generation...: 400
Best solution found so far in island: Weight left: 294.0 Value: 22772646

Current generation...: 499
Best solution found so far in island: Weight left: 33.0 Value: 22774268

Solution found in island:
Weight left: 481.0
Value: 22774472
Backpack configuration: [2, 3, 4, 6, 7, 8, 9, 12, 15, 18, 19, 21, 23, 25, 26, 27, 31, 32, 33, 36, 38, 39, 40, 41, 42, 45, 47, 50, 51, 52, 53, 56, 58, 60, 61, 62, 63, 66, 67, 71, 72, 73, 75, 77, 78, 80, 82, 83, 84, 85, 86, 87, 88, 89, 90, 91, 93, 94, 95, 96, 97, 100, 101, 104, 106, 107, 108, 109, 111, 113, 114, 115, 116, 118, 119, 120, 122, 124, 126, 127, 130, 133, 134, 135, 136, 137, 139, 140, 141, 142, 143, 144, 145, 146, 147, 148, 151, 155, 156, 158, 159, 160, 161, 163, 164, 165, 167, 168, 171, 172, 173, 174, 175, 176, 178, 179, 180, 181, 182, 184, 187, 188, 189, 190, 193, 194, 195, 197, 198, 199, 201, 203, 204, 205, 206, 208, 209, 212, 215, 216, 218, 219, 220, 223, 224, 226, 227, 228, 229, 232, 233, 234, 235, 236, 237, 239, 241, 245, 246, 248, 249, 250, 251, 253, 254, 255, 256, 257, 258, 260, 265, 267, 269, 270, 271, 272, 276, 277, 278, 279, 282, 283, 286, 287, 289, 290, 291, 292, 295, 296, 297, 298, 299, 300, 301, 302, 303, 304, 306, 307, 308, 311, 312, 313, 315, 316, 317, 319, 320, 321, 323, 324, 325, 329, 331, 332, 334, 336, 337, 338, 339, 342, 344, 345, 348, 349, 350, 353, 354, 355, 356, 357, 359, 362, 364, 365, 368, 369, 373, 375, 376, 384, 388]

 Run number: 8

Current generation...: 100
Best solution found so far in island: Weight left: 381.0 Value: 22771472

Current generation...: 200
Best solution found so far in island: Weight left: 524.0 Value: 22770086

Current generation...: 300
Best solution found so far in island: Weight left: 167.0 Value: 22772700

Current generation...: 400
Best solution found so far in island: Weight left: 1337.0 Value: 22771160

Current generation...: 499
Best solution found so far in island: Weight left: 32.0 Value: 22774470

Solution found in island:
Weight left: 32.0
Value: 22774470
Backpack configuration: [0, 5, 6, 7, 8, 10, 11, 12, 14, 15, 18, 19, 20, 21, 22, 25, 27, 28, 32, 33, 34, 35, 36, 38, 40, 45, 47, 49, 50, 51, 52, 58, 59, 62, 63, 64, 65, 66, 68, 70, 71, 72, 73, 75, 76, 78, 79, 80, 81, 84, 86, 87, 89, 90, 91, 93, 94, 95, 98, 99, 103, 104, 105, 107, 111, 112, 113, 118, 119, 120, 121, 124, 125, 127, 128, 130, 131, 132, 133, 134, 136, 137, 138, 139, 140, 141, 142, 143, 144, 145, 148, 151, 154, 155, 156, 158, 162, 163, 164, 165, 166, 167, 168, 169, 170, 173, 174, 175, 177, 178, 179, 181, 182, 183, 185, 186, 187, 189, 190, 191, 192, 193, 194, 195, 196, 197, 198, 199, 201, 203, 204, 205, 206, 207, 209, 210, 211, 212, 213, 214, 215, 216, 218, 221, 222, 223, 224, 225, 226, 227, 228, 231, 232, 234, 237, 239, 241, 244, 247, 248, 249, 253, 254, 255, 256, 259, 260, 262, 263, 265, 266, 269, 270, 272, 273, 275, 277, 278, 280, 281, 282, 283, 284, 286, 287, 289, 292, 293, 294, 295, 297, 299, 300, 302, 303, 304, 305, 306, 309, 310, 312, 313, 316, 318, 320, 322, 323, 325, 326, 329, 330, 333, 334, 335, 336, 337, 338, 342, 343, 344, 345, 346, 347, 348, 349, 351, 353, 354, 355, 356, 357, 358, 360, 361, 368, 369, 372, 373, 374, 379]

 Run number: 9

Current generation...: 100
Best solution found so far in island: Weight left: 286.0 Value: 22767362

Current generation...: 200
Best solution found so far in island: Weight left: 376.0 Value: 22769782

Current generation...: 300
Best solution found so far in island: Weight left: 44.0 Value: 22766546

Current generation...: 400
Best solution found so far in island: Weight left: 391.0 Value: 22767452

Current generation...: 499
Best solution found so far in island: Weight left: 300.0 Value: 22769834

Solution found in island:
Weight left: 300.0
Value: 22769834
Backpack configuration: [2, 4, 5, 6, 9, 10, 11, 12, 15, 17, 20, 21, 23, 25, 26, 30, 31, 32, 33, 35, 37, 38, 39, 40, 43, 44, 45, 46, 47, 48, 49, 50, 51, 52, 54, 55, 57, 59, 60, 61, 63, 65, 67, 68, 69, 70, 71, 72, 76, 77, 80, 83, 85, 87, 90, 92, 93, 94, 97, 98, 99, 100, 101, 102, 103, 104, 106, 107, 108, 111, 112, 113, 114, 116, 117, 118, 119, 120, 123, 124, 128, 129, 130, 131, 134, 135, 136, 137, 138, 141, 142, 144, 145, 146, 147, 148, 149, 150, 151, 153, 155, 157, 158, 159, 160, 161, 163, 164, 166, 169, 170, 171, 173, 174, 175, 176, 177, 178, 179, 180, 181, 182, 183, 184, 187, 189, 193, 196, 198, 199, 200, 201, 203, 204, 205, 206, 208, 209, 211, 212, 213, 214, 215, 216, 217, 220, 221, 222, 225, 226, 227, 228, 230, 231, 233, 237, 238, 240, 241, 242, 243, 245, 246, 247, 248, 251, 254, 255, 258, 262, 263, 264, 266, 268, 269, 271, 272, 273, 274, 275, 278, 279, 280, 281, 282, 284, 286, 287, 288, 289, 291, 292, 297, 299, 300, 303, 307, 308, 309, 311, 312, 313, 317, 319, 321, 324, 325, 326, 327, 328, 330, 334, 336, 338, 342, 347, 349, 351, 352, 353, 354, 355, 356, 358, 359, 360, 363, 364, 370, 371, 375, 376, 377]

 Run number: 10

Current generation...: 100
Best solution found so far in island: Weight left: 1.0 Value: 22768432

Current generation...: 200
Best solution found so far in island: Weight left: 494.0 Value: 22774446

Current generation...: 300
Best solution found so far in island: Weight left: 790.0 Value: 22768954

Current generation...: 400
Best solution found so far in island: Weight left: 927.0 Value: 22770380

Current generation...: 499
Best solution found so far in island: Weight left: 125.0 Value: 22775084

Solution found in island:
Weight left: 125.0
Value: 22775084
Backpack configuration: [0, 3, 6, 8, 9, 10, 11, 12, 14, 19, 22, 24, 31, 33, 35, 36, 37, 38, 39, 40, 41, 42, 43, 44, 45, 46, 48, 49, 51, 52, 53, 55, 56, 57, 58, 59, 62, 64, 65, 68, 70, 72, 73, 75, 76, 77, 79, 80, 81, 82, 83, 90, 93, 94, 96, 98, 102, 103, 105, 106, 108, 110, 111, 112, 113, 114, 115, 116, 117, 118, 119, 120, 123, 124, 125, 126, 127, 128, 131, 132, 133, 134, 135, 138, 141, 142, 144, 146, 150, 151, 152, 155, 156, 157, 158, 159, 162, 163, 164, 165, 167, 168, 170, 171, 173, 174, 175, 176, 177, 178, 179, 180, 182, 183, 184, 185, 186, 187, 190, 191, 192, 193, 194, 196, 197, 198, 200, 201, 202, 203, 205, 208, 209, 210, 213, 214, 216, 217, 218, 219, 220, 221, 222, 224, 225, 226, 227, 228, 229, 230, 231, 234, 235, 237, 238, 239, 240, 241, 244, 247, 248, 249, 250, 252, 253, 254, 257, 258, 260, 261, 262, 263, 264, 266, 267, 268, 269, 270, 272, 273, 274, 275, 276, 277, 278, 280, 281, 285, 286, 287, 288, 290, 292, 293, 294, 298, 299, 300, 303, 304, 305, 306, 309, 311, 313, 316, 319, 320, 322, 324, 325, 328, 329, 330, 332, 333, 334, 336, 337, 338, 339, 340, 345, 346, 347, 348, 349, 350, 352, 353, 356, 357, 358, 360, 362, 363, 366, 368, 369, 370, 371, 372, 374, 376]

 Run number: 11

Current generation...: 100
Best solution found so far in island: Weight left: 698.0 Value: 22763838

Current generation...: 200
Best solution found so far in island: Weight left: 400.0 Value: 22765334

Current generation...: 300
Best solution found so far in island: Weight left: 566.0 Value: 22768602

Current generation...: 400
Best solution found so far in island: Weight left: 1.0 Value: 22769732

Current generation...: 499
Best solution found so far in island: Weight left: 127.0 Value: 22771680

Solution found in island:
Weight left: 127.0
Value: 22771680
Backpack configuration: [1, 4, 5, 6, 10, 13, 14, 15, 17, 18, 19, 21, 22, 25, 26, 27, 30, 35, 40, 43, 44, 45, 51, 52, 54, 55, 57, 58, 59, 60, 61, 62, 63, 65, 66, 67, 69, 71, 72, 73, 74, 76, 77, 81, 82, 83, 85, 86, 89, 91, 92, 93, 94, 96, 100, 103, 104, 105, 107, 108, 109, 110, 114, 115, 116, 117, 121, 122, 123, 124, 125, 126, 128, 129, 130, 132, 134, 136, 137, 139, 141, 142, 145, 148, 149, 150, 151, 152, 153, 154, 156, 157, 158, 159, 160, 162, 163, 164, 167, 168, 169, 170, 172, 173, 174, 175, 176, 177, 178, 179, 182, 184, 187, 188, 189, 190, 194, 196, 197, 198, 200, 201, 202, 203, 204, 205, 209, 211, 212, 213, 214, 215, 216, 217, 218, 220, 222, 223, 225, 226, 228, 229, 230, 231, 232, 233, 234, 235, 237, 240, 241, 242, 243, 247, 248, 250, 251, 253, 254, 255, 256, 257, 258, 259, 261, 263, 264, 265, 266, 267, 269, 270, 271, 272, 273, 274, 276, 277, 278, 279, 280, 281, 282, 284, 285, 287, 288, 289, 292, 293, 295, 296, 297, 299, 300, 301, 302, 303, 304, 305, 306, 307, 308, 309, 311, 314, 315, 318, 322, 325, 328, 329, 331, 334, 336, 337, 340, 342, 344, 345, 349, 352, 353, 355, 361, 362, 364, 365, 367, 369, 373, 374, 375, 376]

 Run number: 12

Current generation...: 100
Best solution found so far in island: Weight left: 2460.0 Value: 22763914

Current generation...: 200
Best solution found so far in island: Weight left: 99.0 Value: 22772336

Current generation...: 300
Best solution found so far in island: Weight left: 266.0 Value: 22775102

Current generation...: 400
Best solution found so far in island: Weight left: 40.0 Value: 22773954

Current generation...: 499
Best solution found so far in island: Weight left: 213.0 Value: 22775808

Solution found in island:
Weight left: 213.0
Value: 22775808
Backpack configuration: [0, 5, 6, 8, 12, 13, 14, 15, 19, 20, 21, 26, 30, 31, 32, 33, 34, 36, 37, 40, 41, 45, 46, 47, 48, 50, 51, 52, 56, 59, 61, 62, 63, 64, 66, 67, 68, 69, 70, 71, 73, 75, 76, 79, 80, 81, 82, 83, 84, 85, 90, 91, 92, 93, 94, 96, 97, 98, 100, 101, 102, 103, 107, 108, 109, 111, 112, 114, 115, 117, 118, 119, 120, 121, 122, 124, 125, 126, 127, 128, 131, 133, 134, 135, 137, 138, 139, 140, 141, 142, 144, 145, 147, 148, 149, 150, 151, 152, 153, 154, 156, 157, 159, 160, 162, 163, 166, 167, 169, 170, 171, 173, 174, 175, 178, 179, 180, 181, 182, 184, 185, 186, 188, 189, 191, 193, 194, 195, 196, 197, 198, 199, 200, 201, 202, 203, 204, 206, 207, 211, 214, 215, 218, 219, 220, 221, 223, 224, 227, 230, 233, 234, 236, 239, 240, 242, 243, 244, 245, 247, 248, 250, 252, 253, 254, 255, 257, 259, 260, 262, 263, 264, 266, 267, 268, 269, 271, 272, 274, 275, 276, 277, 278, 279, 280, 281, 283, 285, 287, 290, 291, 292, 293, 294, 295, 297, 298, 303, 304, 305, 306, 307, 308, 310, 312, 314, 315, 318, 320, 321, 322, 323, 324, 326, 327, 328, 330, 332, 333, 334, 336, 338, 342, 344, 345, 348, 349, 351, 353, 354, 355, 356, 358, 359, 361, 363, 364, 365, 366, 368, 369, 370, 374, 375, 379]

 Run number: 13

Current generation...: 100
Best solution found so far in island: Weight left: 982.0 Value: 22766970

Current generation...: 200
Best solution found so far in island: Weight left: 916.0 Value: 22767502

Current generation...: 300
Best solution found so far in island: Weight left: 193.0 Value: 22772448

Current generation...: 400
Best solution found so far in island: Weight left: 305.0 Value: 22772824

Current generation...: 499
Best solution found so far in island: Weight left: 287.0 Value: 22773760

Solution found in island:
Weight left: 287.0
Value: 22773760
Backpack configuration: [0, 1, 2, 3, 5, 6, 8, 10, 11, 12, 15, 16, 20, 22, 24, 25, 27, 28, 29, 30, 31, 34, 35, 37, 39, 41, 44, 46, 47, 48, 50, 52, 53, 54, 58, 59, 60, 61, 62, 63, 64, 65, 66, 68, 69, 70, 74, 75, 76, 77, 78, 79, 80, 82, 83, 85, 86, 87, 88, 92, 93, 95, 99, 101, 102, 103, 104, 105, 109, 110, 111, 112, 113, 114, 117, 120, 121, 123, 126, 127, 128, 131, 133, 134, 135, 137, 139, 140, 142, 143, 147, 148, 149, 150, 152, 153, 156, 157, 158, 161, 162, 163, 164, 165, 167, 169, 170, 174, 175, 176, 177, 178, 182, 183, 185, 188, 190, 191, 193, 196, 197, 199, 200, 201, 202, 203, 204, 206, 209, 210, 211, 212, 215, 216, 217, 219, 220, 221, 222, 223, 225, 228, 229, 231, 232, 233, 234, 235, 237, 238, 240, 241, 242, 243, 244, 245, 246, 247, 249, 250, 251, 253, 254, 255, 258, 259, 261, 262, 263, 264, 265, 266, 267, 269, 270, 271, 273, 274, 276, 277, 278, 282, 283, 285, 286, 287, 288, 289, 290, 292, 293, 294, 296, 297, 299, 301, 302, 303, 305, 306, 307, 308, 309, 312, 313, 317, 318, 320, 328, 329, 330, 333, 334, 335, 337, 339, 340, 341, 342, 343, 345, 347, 352, 353, 354, 355, 356, 357, 358, 359, 361, 362, 363, 364, 365, 366, 373, 374, 375, 379]

 Run number: 14

Current generation...: 100
Best solution found so far in island: Weight left: 871.0 Value: 22781592

Current generation...: 200
Best solution found so far in island: Weight left: 183.0 Value: 22780168

Current generation...: 300
Best solution found so far in island: Weight left: 160.0 Value: 22781214

Current generation...: 400
Best solution found so far in island: Weight left: 455.0 Value: 22781424

Current generation...: 499
Best solution found so far in island: Weight left: 90.0 Value: 22784654

Solution found in island:
Weight left: 90.0
Value: 22784654
Backpack configuration: [0, 2, 4, 5, 6, 7, 9, 10, 11, 12, 14, 16, 18, 21, 22, 23, 24, 27, 32, 34, 35, 36, 37, 38, 39, 40, 41, 42, 43, 44, 45, 46, 47, 50, 51, 52, 53, 55, 56, 57, 59, 60, 61, 63, 66, 67, 69, 70, 71, 75, 76, 77, 78, 79, 80, 81, 82, 84, 85, 87, 88, 90, 91, 93, 95, 96, 97, 99, 102, 103, 104, 105, 108, 110, 111, 112, 113, 115, 116, 118, 119, 120, 121, 122, 123, 124, 125, 126, 127, 129, 130, 131, 132, 133, 134, 135, 136, 137, 140, 141, 142, 143, 144, 145, 147, 148, 150, 151, 152, 153, 156, 158, 159, 160, 161, 162, 164, 165, 166, 167, 168, 169, 170, 171, 172, 173, 174, 177, 179, 180, 181, 182, 184, 186, 187, 188, 191, 192, 194, 196, 198, 200, 202, 203, 204, 205, 206, 209, 212, 213, 214, 215, 217, 218, 219, 221, 222, 223, 224, 225, 226, 227, 228, 229, 231, 232, 234, 236, 237, 239, 241, 242, 243, 244, 245, 246, 249, 250, 251, 252, 254, 255, 256, 257, 258, 259, 260, 262, 263, 264, 265, 266, 267, 268, 270, 271, 272, 273, 274, 275, 276, 277, 278, 280, 281, 282, 284, 285, 287, 288, 289, 290, 292, 293, 294, 295, 296, 298, 299, 300, 301, 303, 304, 305, 306, 307, 309, 311, 313, 316, 317, 318, 319, 321, 322, 325, 326, 327, 328, 330, 332, 333, 334, 335, 336, 337, 338, 339, 340, 343, 345, 347, 348, 349, 355, 356, 357, 361, 362, 364, 365, 368, 370, 371, 372, 376, 377]

 Run number: 15

Current generation...: 100
Best solution found so far in island: Weight left: 1505.0 Value: 22758324

Current generation...: 200
Best solution found so far in island: Weight left: 153.0 Value: 22763328

Current generation...: 300
Best solution found so far in island: Weight left: 106.0 Value: 22767022

Current generation...: 400
Best solution found so far in island: Weight left: 449.0 Value: 22764836

Current generation...: 499
Best solution found so far in island: Weight left: 488.0 Value: 22765258

Solution found in island:
Weight left: 106.0
Value: 22767022
Backpack configuration: [2, 4, 8, 10, 11, 16, 19, 20, 23, 27, 29, 30, 31, 35, 37, 38, 40, 42, 43, 45, 46, 47, 48, 50, 51, 52, 53, 55, 57, 59, 60, 62, 63, 64, 65, 69, 70, 71, 72, 73, 74, 75, 77, 79, 81, 83, 84, 87, 89, 90, 91, 93, 95, 96, 98, 99, 100, 101, 103, 107, 109, 110, 111, 113, 115, 117, 119, 120, 121, 122, 125, 127, 128, 129, 130, 132, 133, 134, 136, 137, 140, 141, 143, 144, 148, 149, 151, 152, 154, 155, 156, 157, 159, 160, 164, 165, 166, 168, 169, 170, 171, 173, 174, 175, 176, 179, 180, 182, 183, 185, 186, 187, 188, 190, 191, 197, 198, 201, 202, 203, 204, 205, 206, 210, 211, 212, 215, 216, 217, 218, 219, 220, 221, 222, 223, 225, 227, 228, 230, 233, 234, 236, 237, 239, 240, 241, 243, 245, 247, 248, 250, 251, 253, 254, 255, 256, 257, 261, 262, 264, 266, 267, 268, 270, 274, 275, 276, 279, 280, 282, 284, 287, 288, 289, 290, 292, 293, 294, 297, 299, 300, 301, 304, 305, 306, 307, 310, 312, 313, 314, 316, 320, 321, 324, 326, 327, 329, 330, 331, 335, 336, 337, 338, 339, 340, 342, 344, 345, 350, 353, 354, 356, 359, 361, 364, 365, 369, 371, 374, 375, 376]

 Run number: 16

Current generation...: 100
Best solution found so far in island: Weight left: 309.0 Value: 22774816

Current generation...: 200
Best solution found so far in island: Weight left: 538.0 Value: 22777758

Current generation...: 300
Best solution found so far in island: Weight left: 301.0 Value: 22780032

Current generation...: 400
Best solution found so far in island: Weight left: 317.0 Value: 22783300

Current generation...: 499
Best solution found so far in island: Weight left: 79.0 Value: 22782376

Solution found in island:
Weight left: 317.0
Value: 22783300
Backpack configuration: [0, 1, 2, 3, 5, 6, 8, 9, 11, 12, 13, 14, 15, 16, 17, 18, 19, 22, 23, 27, 28, 29, 31, 32, 33, 34, 35, 36, 37, 40, 41, 42, 43, 44, 45, 46, 47, 49, 51, 52, 53, 54, 55, 56, 58, 60, 63, 64, 65, 66, 69, 70, 71, 72, 74, 75, 77, 79, 80, 82, 83, 84, 85, 86, 88, 89, 90, 91, 92, 94, 95, 96, 97, 98, 100, 101, 102, 103, 105, 106, 107, 109, 110, 111, 112, 113, 115, 116, 117, 119, 121, 122, 124, 125, 126, 127, 128, 129, 130, 131, 133, 134, 135, 136, 137, 138, 139, 140, 141, 142, 144, 145, 146, 147, 148, 149, 151, 152, 153, 154, 155, 157, 158, 161, 163, 164, 166, 167, 168, 170, 172, 174, 175, 177, 178, 180, 181, 184, 186, 187, 191, 192, 194, 195, 198, 199, 201, 202, 203, 204, 206, 208, 210, 212, 214, 215, 216, 217, 218, 219, 220, 223, 224, 225, 226, 228, 230, 231, 232, 233, 234, 235, 236, 237, 238, 239, 240, 241, 245, 247, 248, 249, 251, 252, 254, 255, 259, 260, 261, 263, 264, 265, 266, 267, 269, 270, 272, 273, 274, 276, 277, 278, 279, 280, 281, 285, 286, 287, 288, 289, 290, 291, 292, 293, 295, 297, 298, 299, 300, 302, 303, 305, 306, 307, 308, 309, 310, 314, 315, 316, 317, 319, 320, 321, 322, 323, 324, 325, 327, 334, 335, 337, 339, 340, 342, 343, 344, 349, 350, 351, 352, 353, 354, 356, 358, 359, 362, 365, 366, 367, 368, 370, 372, 373, 374, 375]

 Run number: 17

Current generation...: 100
Best solution found so far in island: Weight left: 132.0 Value: 22768670

Current generation...: 200
Best solution found so far in island: Weight left: 405.0 Value: 22764724

Current generation...: 300
Best solution found so far in island: Weight left: 430.0 Value: 22767874

Current generation...: 400
Best solution found so far in island: Weight left: 95.0 Value: 22767944

Current generation...: 499
Best solution found so far in island: Weight left: 112.0 Value: 22769510

Solution found in island:
Weight left: 112.0
Value: 22769510
Backpack configuration: [1, 2, 3, 4, 7, 8, 9, 10, 13, 15, 16, 20, 21, 23, 25, 26, 27, 31, 32, 34, 35, 37, 40, 41, 42, 43, 44, 46, 48, 52, 55, 57, 58, 59, 60, 64, 65, 66, 69, 70, 71, 72, 73, 74, 77, 79, 82, 83, 85, 88, 90, 91, 93, 95, 96, 97, 98, 101, 103, 104, 105, 106, 107, 108, 109, 110, 111, 112, 113, 115, 116, 117, 119, 122, 123, 126, 127, 128, 129, 130, 132, 133, 134, 136, 137, 138, 140, 141, 143, 144, 148, 149, 150, 151, 155, 156, 157, 158, 159, 160, 162, 163, 164, 165, 167, 168, 170, 171, 172, 173, 174, 175, 177, 178, 179, 180, 181, 183, 185, 187, 188, 189, 190, 191, 192, 193, 194, 195, 196, 197, 200, 201, 202, 203, 205, 209, 210, 211, 212, 215, 216, 218, 219, 220, 221, 226, 228, 229, 230, 232, 233, 238, 239, 240, 241, 242, 243, 245, 247, 250, 251, 252, 254, 255, 256, 258, 259, 260, 262, 263, 264, 267, 268, 269, 271, 273, 275, 276, 277, 279, 282, 283, 287, 289, 290, 291, 292, 293, 294, 297, 298, 299, 300, 303, 305, 309, 310, 312, 313, 315, 316, 317, 318, 320, 321, 325, 328, 329, 330, 331, 332, 334, 335, 336, 342, 345, 347, 348, 349, 353, 354, 356, 357, 359, 360, 361, 367, 370, 374, 376]

 Run number: 18

Current generation...: 100
Best solution found so far in island: Weight left: 425.0 Value: 22759184

Current generation...: 200
Best solution found so far in island: Weight left: 535.0 Value: 22762464

Current generation...: 300
Best solution found so far in island: Weight left: 84.0 Value: 22762966

Current generation...: 400
Best solution found so far in island: Weight left: 637.0 Value: 22765560

Current generation...: 499
Best solution found so far in island: Weight left: 1004.0 Value: 22765926

Solution found in island:
Weight left: 1004.0
Value: 22765926
Backpack configuration: [0, 3, 4, 15, 16, 18, 19, 25, 27, 28, 29, 31, 32, 36, 37, 38, 40, 42, 44, 45, 49, 50, 52, 54, 55, 56, 58, 59, 60, 62, 63, 64, 65, 66, 67, 68, 69, 70, 73, 75, 78, 79, 80, 82, 83, 85, 86, 89, 90, 91, 92, 93, 94, 95, 96, 97, 99, 100, 101, 102, 103, 104, 106, 107, 109, 110, 113, 114, 115, 117, 118, 119, 120, 121, 122, 123, 129, 130, 131, 132, 133, 136, 137, 138, 139, 140, 141, 143, 144, 147, 149, 150, 151, 152, 153, 154, 155, 156, 158, 162, 163, 166, 167, 168, 169, 172, 173, 174, 175, 176, 177, 179, 182, 184, 185, 186, 187, 189, 190, 192, 194, 195, 197, 199, 201, 202, 203, 204, 205, 206, 207, 208, 209, 212, 214, 215, 216, 217, 218, 220, 221, 225, 227, 228, 231, 232, 234, 236, 237, 238, 240, 241, 243, 245, 246, 247, 248, 249, 250, 251, 252, 253, 254, 255, 257, 258, 259, 260, 261, 263, 265, 266, 270, 272, 274, 275, 277, 278, 279, 280, 281, 282, 283, 284, 285, 286, 287, 290, 291, 292, 294, 295, 298, 302, 303, 304, 311, 312, 313, 316, 318, 320, 321, 327, 328, 329, 334, 336, 342, 344, 345, 347, 350, 351, 355, 358, 361, 362, 363, 364, 365, 370, 372, 373, 374, 376]

 Run number: 19

Current generation...: 100
Best solution found so far in island: Weight left: 346.0 Value: 22772442

Current generation...: 200
Best solution found so far in island: Weight left: 1288.0 Value: 22775558

Current generation...: 300
Best solution found so far in island: Weight left: 582.0 Value: 22777070

Current generation...: 400
Best solution found so far in island: Weight left: 418.0 Value: 22776798

Current generation...: 499
Best solution found so far in island: Weight left: 289.0 Value: 22777356

Solution found in island:
Weight left: 289.0
Value: 22777356
Backpack configuration: [2, 3, 4, 5, 9, 10, 12, 13, 15, 16, 17, 18, 19, 22, 24, 25, 27, 28, 33, 35, 37, 38, 39, 40, 41, 43, 44, 48, 49, 50, 52, 54, 55, 56, 60, 61, 62, 63, 64, 65, 66, 67, 68, 69, 70, 71, 72, 73, 74, 76, 77, 78, 79, 80, 81, 83, 84, 86, 87, 89, 90, 91, 92, 95, 96, 98, 99, 100, 104, 105, 108, 109, 111, 112, 113, 114, 115, 116, 117, 119, 120, 122, 123, 124, 127, 129, 130, 131, 132, 133, 135, 136, 137, 139, 141, 142, 145, 146, 147, 148, 149, 150, 151, 152, 153, 154, 157, 158, 159, 160, 161, 162, 163, 165, 168, 171, 174, 175, 176, 177, 178, 179, 180, 181, 182, 183, 186, 187, 189, 191, 192, 193, 195, 197, 198, 200, 201, 203, 204, 206, 208, 209, 210, 211, 212, 215, 216, 219, 220, 223, 224, 225, 226, 227, 228, 229, 230, 231, 235, 236, 237, 239, 240, 241, 242, 244, 245, 246, 247, 248, 251, 252, 253, 254, 255, 257, 259, 260, 261, 262, 263, 264, 265, 266, 267, 268, 269, 270, 271, 272, 273, 275, 277, 278, 281, 282, 283, 284, 285, 286, 287, 288, 289, 291, 292, 293, 294, 295, 296, 298, 299, 300, 301, 303, 304, 311, 313, 315, 322, 325, 326, 329, 330, 331, 333, 334, 335, 336, 337, 341, 342, 343, 344, 345, 346, 349, 350, 351, 352, 355, 356, 357, 358, 359, 360, 361, 363, 367, 368, 369, 375, 376]

 Run number: 20

Current generation...: 100
Best solution found so far in island: Weight left: 527.0 Value: 22769780

Current generation...: 200
Best solution found so far in island: Weight left: 760.0 Value: 22769014

Current generation...: 300
Best solution found so far in island: Weight left: 368.0 Value: 22771498

Current generation...: 400
Best solution found so far in island: Weight left: 1030.0 Value: 22770174

Current generation...: 499
Best solution found so far in island: Weight left: 368.0 Value: 22772198

Solution found in island:
Weight left: 368.0
Value: 22772198
Backpack configuration: [0, 2, 3, 5, 9, 11, 12, 16, 18, 23, 25, 26, 30, 31, 32, 33, 35, 36, 37, 38, 39, 40, 41, 43, 46, 50, 52, 53, 55, 56, 57, 58, 60, 61, 64, 65, 66, 68, 70, 72, 73, 74, 75, 76, 78, 79, 80, 81, 83, 84, 85, 86, 88, 90, 92, 96, 97, 98, 99, 101, 102, 103, 104, 105, 106, 107, 109, 111, 114, 117, 119, 120, 121, 122, 123, 124, 125, 126, 127, 128, 129, 130, 135, 136, 138, 139, 140, 141, 143, 145, 146, 147, 151, 152, 153, 154, 156, 157, 158, 162, 165, 167, 168, 169, 170, 171, 172, 173, 174, 175, 176, 182, 184, 185, 186, 187, 188, 190, 192, 195, 196, 197, 198, 199, 200, 201, 203, 204, 205, 206, 207, 209, 210, 211, 212, 213, 215, 218, 219, 220, 221, 222, 224, 225, 227, 228, 229, 230, 231, 232, 235, 236, 237, 238, 239, 240, 241, 242, 245, 246, 248, 250, 254, 255, 257, 258, 260, 261, 262, 264, 266, 267, 268, 271, 272, 273, 274, 276, 277, 278, 279, 281, 283, 287, 288, 289, 291, 292, 293, 295, 297, 298, 299, 300, 304, 305, 306, 307, 308, 309, 311, 314, 315, 316, 317, 318, 320, 322, 326, 327, 330, 331, 333, 334, 335, 336, 339, 340, 341, 342, 343, 344, 345, 346, 349, 353, 355, 356, 357, 358, 361, 363, 368, 372, 373, 374, 375, 377]

 Run number: 21

Current generation...: 100
Best solution found so far in island: Weight left: 261.0 Value: 22779012

Current generation...: 200
Best solution found so far in island: Weight left: 250.0 Value: 22779834

Current generation...: 300
Best solution found so far in island: Weight left: 124.0 Value: 22781286

Current generation...: 400
Best solution found so far in island: Weight left: 60.0 Value: 22783614

Current generation...: 499
Best solution found so far in island: Weight left: 163.0 Value: 22783708

Solution found in island:
Weight left: 163.0
Value: 22783708
Backpack configuration: [0, 3, 4, 6, 7, 9, 12, 13, 15, 17, 18, 19, 21, 22, 24, 25, 26, 28, 29, 30, 31, 32, 34, 35, 36, 38, 40, 43, 44, 46, 48, 49, 50, 51, 52, 53, 55, 56, 57, 59, 60, 62, 64, 65, 66, 68, 70, 71, 72, 73, 74, 79, 80, 81, 84, 86, 87, 88, 90, 91, 92, 93, 94, 95, 96, 98, 101, 102, 103, 106, 107, 108, 109, 110, 111, 113, 114, 115, 116, 117, 119, 120, 121, 122, 123, 125, 126, 127, 128, 129, 130, 133, 137, 138, 139, 140, 141, 142, 143, 145, 146, 147, 148, 149, 150, 151, 152, 153, 154, 155, 157, 158, 160, 161, 162, 163, 165, 166, 168, 171, 172, 174, 175, 178, 179, 180, 181, 182, 186, 187, 188, 189, 191, 192, 193, 195, 196, 198, 199, 200, 203, 204, 205, 207, 208, 209, 210, 212, 213, 214, 215, 216, 217, 218, 219, 220, 223, 225, 226, 227, 228, 229, 230, 232, 233, 234, 235, 236, 238, 239, 240, 242, 244, 245, 249, 250, 251, 252, 253, 254, 255, 256, 257, 259, 260, 261, 262, 263, 264, 265, 266, 267, 268, 269, 270, 271, 273, 275, 276, 278, 279, 280, 281, 284, 285, 287, 289, 290, 291, 292, 293, 294, 295, 296, 297, 299, 300, 301, 302, 303, 307, 310, 312, 313, 314, 315, 316, 317, 318, 322, 323, 324, 326, 328, 329, 332, 333, 334, 337, 339, 340, 341, 342, 343, 344, 346, 347, 348, 349, 350, 351, 352, 353, 354, 355, 356, 357, 358, 359, 363, 364, 366, 369, 370, 371, 372, 374]

 Run number: 22

Current generation...: 100
Best solution found so far in island: Weight left: 242.0 Value: 22766350

Current generation...: 200
Best solution found so far in island: Weight left: 121.0 Value: 22770292

Current generation...: 300
Best solution found so far in island: Weight left: 357.0 Value: 22767920

Current generation...: 400
Best solution found so far in island: Weight left: 415.0 Value: 22767004

Current generation...: 499
Best solution found so far in island: Weight left: 291.0 Value: 22766852

Solution found in island:
Weight left: 121.0
Value: 22770292
Backpack configuration: [1, 2, 3, 4, 6, 8, 10, 11, 12, 14, 15, 16, 17, 18, 19, 21, 22, 25, 26, 30, 32, 33, 34, 36, 38, 39, 40, 44, 45, 47, 49, 51, 52, 55, 57, 59, 61, 62, 63, 67, 68, 71, 72, 75, 77, 78, 79, 80, 81, 82, 88, 89, 90, 91, 93, 94, 95, 97, 100, 101, 102, 103, 104, 105, 106, 107, 110, 112, 114, 115, 116, 117, 120, 121, 122, 125, 126, 127, 129, 132, 133, 134, 136, 137, 138, 139, 140, 141, 144, 145, 146, 147, 148, 154, 157, 158, 159, 160, 161, 165, 168, 169, 171, 174, 175, 176, 177, 179, 181, 182, 183, 184, 185, 186, 187, 189, 191, 192, 193, 194, 195, 196, 198, 200, 203, 204, 205, 206, 207, 208, 210, 212, 215, 216, 218, 219, 220, 223, 224, 225, 227, 228, 229, 230, 231, 233, 236, 239, 240, 242, 245, 246, 247, 248, 250, 251, 252, 253, 259, 260, 261, 262, 263, 267, 268, 269, 273, 274, 275, 276, 277, 280, 281, 282, 283, 284, 285, 286, 287, 289, 290, 291, 292, 293, 294, 295, 296, 298, 299, 300, 302, 305, 306, 307, 308, 309, 311, 313, 314, 315, 316, 318, 321, 323, 325, 326, 328, 331, 338, 339, 341, 344, 345, 346, 347, 348, 349, 352, 353, 354, 355, 356, 358, 359, 363, 368, 369, 370, 373, 374, 375, 376]

 Run number: 23

Current generation...: 100
Best solution found so far in island: Weight left: 2328.0 Value: 22773578

Current generation...: 200
Best solution found so far in island: Weight left: 222.0 Value: 22778390

Current generation...: 300
Best solution found so far in island: Weight left: 452.0 Value: 22774130

Current generation...: 400
Best solution found so far in island: Weight left: 465.0 Value: 22778304

Current generation...: 499
Best solution found so far in island: Weight left: 477.0 Value: 22778580

Solution found in island:
Weight left: 477.0
Value: 22778580
Backpack configuration: [2, 6, 9, 10, 14, 16, 18, 19, 22, 23, 24, 26, 27, 28, 29, 32, 36, 37, 38, 40, 42, 43, 44, 45, 46, 47, 49, 50, 51, 52, 54, 55, 56, 57, 58, 59, 60, 61, 63, 64, 70, 71, 72, 73, 74, 75, 76, 77, 78, 79, 80, 81, 82, 83, 86, 88, 89, 91, 94, 95, 97, 99, 100, 101, 102, 103, 105, 107, 108, 109, 110, 111, 116, 117, 118, 120, 121, 123, 124, 125, 126, 127, 128, 129, 132, 134, 135, 138, 139, 140, 141, 142, 143, 145, 146, 149, 150, 151, 152, 153, 154, 155, 156, 158, 159, 160, 162, 163, 164, 166, 167, 168, 169, 170, 171, 172, 174, 175, 176, 177, 178, 179, 181, 182, 183, 184, 185, 186, 188, 191, 192, 194, 195, 196, 197, 198, 200, 201, 202, 203, 204, 205, 207, 209, 210, 213, 214, 215, 216, 218, 219, 220, 221, 222, 223, 224, 227, 228, 229, 231, 235, 236, 237, 238, 239, 241, 243, 245, 247, 249, 252, 253, 254, 255, 257, 260, 262, 263, 264, 269, 273, 275, 276, 277, 278, 280, 282, 283, 284, 285, 286, 287, 288, 291, 292, 294, 296, 297, 299, 300, 301, 302, 303, 305, 307, 308, 309, 310, 313, 314, 316, 317, 318, 321, 322, 323, 326, 327, 328, 330, 331, 332, 334, 335, 336, 337, 338, 341, 342, 343, 348, 350, 351, 352, 353, 354, 355, 356, 357, 360, 361, 362, 365, 366, 367, 369, 370, 371, 372, 373, 375, 376]

 Run number: 24

Current generation...: 100
Best solution found so far in island: Weight left: 815.0 Value: 22775404

Current generation...: 200
Best solution found so far in island: Weight left: 72.0 Value: 22775490

Current generation...: 300
Best solution found so far in island: Weight left: 640.0 Value: 22778754

Current generation...: 400
Best solution found so far in island: Weight left: 27.0 Value: 22780680

Current generation...: 499
Best solution found so far in island: Weight left: 174.0 Value: 22779786

Solution found in island:
Weight left: 27.0
Value: 22780680
Backpack configuration: [0, 1, 4, 5, 6, 7, 10, 13, 16, 19, 20, 21, 25, 26, 27, 31, 32, 34, 35, 36, 37, 38, 40, 41, 42, 44, 45, 46, 47, 48, 51, 52, 53, 55, 56, 58, 59, 60, 62, 63, 64, 65, 67, 68, 69, 70, 71, 72, 77, 78, 79, 80, 81, 83, 87, 90, 92, 93, 94, 95, 96, 97, 98, 99, 102, 104, 105, 106, 107, 108, 109, 110, 112, 113, 115, 116, 117, 118, 120, 121, 122, 123, 124, 125, 126, 128, 130, 132, 133, 134, 135, 136, 137, 138, 139, 143, 145, 146, 148, 149, 150, 151, 152, 154, 155, 158, 160, 161, 162, 165, 166, 169, 170, 171, 172, 173, 174, 178, 180, 181, 182, 183, 185, 186, 189, 190, 192, 194, 195, 196, 197, 198, 202, 203, 204, 205, 206, 207, 208, 209, 210, 211, 212, 214, 215, 216, 217, 222, 223, 224, 225, 226, 228, 229, 231, 233, 234, 237, 238, 241, 242, 244, 245, 246, 247, 248, 249, 250, 251, 252, 253, 254, 255, 256, 258, 260, 261, 262, 263, 264, 265, 266, 268, 269, 272, 273, 274, 275, 277, 279, 281, 284, 285, 286, 287, 288, 290, 291, 292, 294, 295, 296, 297, 298, 299, 301, 302, 303, 305, 306, 308, 311, 312, 313, 314, 315, 316, 317, 318, 319, 320, 321, 322, 323, 330, 333, 334, 335, 336, 337, 339, 341, 342, 344, 346, 348, 349, 351, 352, 353, 355, 356, 357, 359, 360, 361, 362, 363, 364, 365, 369, 370, 371, 373, 374, 375]

 Run number: 25

Current generation...: 100
Best solution found so far in island: Weight left: 113.0 Value: 22776908

Current generation...: 200
Best solution found so far in island: Weight left: 351.0 Value: 22778532

Current generation...: 300
Best solution found so far in island: Weight left: 117.0 Value: 22780100

Current generation...: 400
Best solution found so far in island: Weight left: 73.0 Value: 22780188

Current generation...: 499
Best solution found so far in island: Weight left: 33.0 Value: 22780268

Solution found in island:
Weight left: 33.0
Value: 22780268
Backpack configuration: [0, 2, 4, 5, 6, 8, 9, 10, 11, 13, 14, 16, 17, 20, 21, 23, 24, 25, 26, 27, 29, 31, 32, 33, 34, 35, 36, 37, 39, 40, 41, 42, 43, 44, 45, 48, 49, 50, 51, 52, 53, 54, 55, 56, 57, 58, 59, 62, 63, 64, 68, 69, 70, 73, 75, 76, 77, 78, 79, 80, 83, 84, 85, 87, 88, 90, 92, 93, 94, 95, 96, 98, 100, 102, 103, 105, 107, 108, 110, 112, 114, 116, 117, 118, 120, 121, 122, 123, 124, 125, 126, 128, 129, 130, 132, 134, 136, 139, 142, 144, 145, 146, 147, 151, 156, 157, 158, 159, 160, 162, 164, 165, 166, 167, 168, 169, 170, 171, 172, 173, 174, 175, 177, 178, 179, 180, 182, 184, 186, 187, 190, 191, 192, 193, 197, 198, 199, 200, 201, 202, 203, 204, 205, 206, 207, 209, 211, 212, 214, 215, 216, 218, 219, 221, 222, 225, 226, 228, 229, 230, 231, 232, 234, 236, 237, 238, 239, 240, 241, 242, 243, 247, 249, 250, 252, 255, 256, 257, 258, 259, 260, 261, 263, 265, 266, 269, 270, 271, 273, 274, 275, 276, 279, 280, 281, 282, 283, 284, 287, 288, 290, 291, 293, 294, 295, 297, 299, 300, 301, 302, 304, 305, 306, 308, 310, 311, 312, 313, 314, 318, 319, 320, 321, 322, 324, 325, 328, 331, 332, 334, 335, 336, 337, 338, 340, 341, 343, 345, 347, 348, 351, 353, 354, 355, 356, 358, 360, 362, 365, 366, 368, 373, 375, 376]

 Run number: 26

Current generation...: 100
Best solution found so far in island: Weight left: 414.0 Value: 22769306

Current generation...: 200
Best solution found so far in island: Weight left: 16.0 Value: 22767502

Current generation...: 300
Best solution found so far in island: Weight left: 103.0 Value: 22767628

Current generation...: 400
Best solution found so far in island: Weight left: 13.0 Value: 22769708

Current generation...: 499
Best solution found so far in island: Weight left: 3.0 Value: 22769728

Solution found in island:
Weight left: 3.0
Value: 22769728
Backpack configuration: [0, 1, 4, 5, 7, 8, 9, 10, 11, 12, 15, 16, 17, 18, 21, 22, 26, 28, 31, 32, 38, 39, 40, 45, 46, 47, 48, 49, 50, 51, 52, 53, 54, 56, 57, 58, 60, 62, 63, 65, 67, 68, 70, 71, 73, 74, 75, 76, 77, 78, 79, 80, 82, 84, 85, 86, 88, 90, 92, 93, 94, 95, 96, 99, 100, 101, 102, 107, 108, 109, 111, 112, 114, 115, 116, 117, 118, 120, 124, 126, 128, 130, 131, 132, 136, 137, 138, 140, 141, 142, 144, 145, 146, 148, 151, 152, 156, 157, 162, 163, 164, 166, 168, 169, 170, 172, 173, 174, 175, 176, 178, 179, 181, 182, 183, 185, 187, 188, 189, 190, 191, 192, 193, 194, 195, 196, 197, 199, 200, 201, 203, 205, 206, 207, 209, 210, 211, 213, 214, 215, 216, 217, 219, 221, 222, 223, 224, 225, 226, 227, 228, 231, 232, 233, 236, 237, 240, 243, 248, 249, 250, 253, 254, 255, 257, 260, 261, 262, 263, 264, 265, 266, 268, 269, 270, 273, 276, 278, 280, 283, 284, 286, 288, 289, 290, 292, 293, 295, 296, 297, 299, 300, 301, 302, 303, 304, 306, 307, 310, 311, 312, 315, 317, 319, 322, 324, 326, 328, 330, 331, 334, 335, 341, 342, 344, 345, 350, 353, 355, 357, 360, 362, 365, 370, 372, 373, 374, 376]

 Run number: 27

Current generation...: 100
Best solution found so far in island: Weight left: 2332.0 Value: 22760270

Current generation...: 200
Best solution found so far in island: Weight left: 53.0 Value: 22762628

Current generation...: 300
Best solution found so far in island: Weight left: 286.0 Value: 22766462

Current generation...: 400
Best solution found so far in island: Weight left: 416.0 Value: 22766402

Current generation...: 499
Best solution found so far in island: Weight left: 235.0 Value: 22766164

Solution found in island:
Weight left: 286.0
Value: 22766462
Backpack configuration: [1, 2, 3, 4, 6, 9, 16, 17, 20, 22, 23, 25, 29, 32, 34, 37, 38, 40, 41, 44, 48, 49, 50, 51, 53, 54, 55, 58, 62, 63, 66, 67, 70, 72, 76, 77, 78, 79, 80, 82, 84, 85, 86, 87, 88, 89, 90, 91, 92, 94, 95, 96, 97, 98, 101, 103, 104, 105, 106, 107, 108, 109, 110, 112, 113, 116, 118, 119, 121, 124, 125, 126, 129, 130, 131, 133, 134, 135, 140, 141, 142, 143, 144, 145, 147, 148, 151, 153, 154, 155, 156, 157, 158, 159, 160, 162, 166, 167, 169, 170, 171, 172, 173, 174, 175, 176, 177, 178, 179, 180, 181, 182, 183, 184, 185, 187, 188, 189, 192, 193, 194, 195, 196, 198, 199, 200, 203, 204, 206, 207, 208, 209, 215, 216, 217, 219, 220, 221, 222, 223, 224, 225, 228, 232, 234, 235, 236, 237, 238, 242, 243, 245, 246, 249, 250, 252, 254, 255, 256, 259, 260, 261, 262, 263, 265, 270, 271, 272, 279, 280, 281, 282, 283, 288, 289, 290, 291, 292, 295, 298, 302, 304, 306, 307, 310, 311, 312, 313, 316, 317, 319, 321, 323, 324, 328, 329, 331, 333, 334, 336, 339, 340, 343, 344, 346, 348, 355, 356, 357, 361, 363, 364, 366, 367, 368, 369, 370, 373, 374, 375, 376]

 Run number: 28

Current generation...: 100
Best solution found so far in island: Weight left: 558.0 Value: 22765018

Current generation...: 200
Best solution found so far in island: Weight left: 249.0 Value: 22769236

Current generation...: 300
Best solution found so far in island: Weight left: 42.0 Value: 22772550

Current generation...: 400
Best solution found so far in island: Weight left: 219.0 Value: 22774496

Current generation...: 499
Best solution found so far in island: Weight left: 497.0 Value: 22775240

Solution found in island:
Weight left: 497.0
Value: 22775240
Backpack configuration: [0, 1, 2, 6, 7, 8, 9, 10, 13, 14, 16, 17, 18, 19, 21, 22, 23, 26, 27, 31, 32, 34, 35, 36, 37, 38, 40, 41, 42, 43, 45, 47, 48, 51, 52, 53, 54, 55, 56, 59, 60, 61, 62, 63, 64, 65, 66, 68, 69, 70, 71, 72, 73, 74, 77, 79, 80, 81, 82, 84, 86, 88, 93, 95, 96, 97, 99, 100, 101, 102, 103, 107, 108, 109, 111, 112, 113, 115, 117, 118, 120, 121, 122, 123, 125, 126, 127, 130, 131, 132, 133, 134, 135, 136, 138, 139, 140, 141, 142, 143, 144, 145, 149, 150, 151, 152, 155, 156, 157, 160, 162, 163, 164, 165, 166, 168, 169, 170, 172, 174, 176, 180, 183, 185, 187, 188, 189, 190, 191, 192, 193, 194, 195, 196, 198, 200, 201, 202, 203, 204, 205, 208, 209, 211, 212, 213, 215, 216, 218, 219, 220, 223, 224, 225, 228, 231, 232, 234, 235, 236, 237, 238, 239, 241, 242, 245, 246, 247, 248, 250, 251, 253, 254, 255, 256, 257, 258, 259, 262, 263, 265, 266, 267, 269, 270, 271, 273, 275, 277, 278, 279, 280, 284, 287, 288, 289, 290, 291, 292, 294, 296, 297, 299, 300, 301, 302, 303, 305, 306, 308, 310, 315, 317, 319, 320, 321, 322, 324, 325, 327, 329, 330, 334, 335, 337, 339, 340, 342, 345, 346, 347, 349, 350, 352, 354, 356, 357, 358, 359, 367, 368, 369, 370, 371, 373, 374, 376]

 Run number: 29

Current generation...: 100
Best solution found so far in island: Weight left: 123.0 Value: 22774788

Current generation...: 200
Best solution found so far in island: Weight left: 614.0 Value: 22775106

Current generation...: 300
Best solution found so far in island: Weight left: 7.0 Value: 22776120

Current generation...: 400
Best solution found so far in island: Weight left: 158.0 Value: 22776518

Current generation...: 499
Best solution found so far in island: Weight left: 504.0 Value: 22777626

Solution found in island:
Weight left: 504.0
Value: 22777626
Backpack configuration: [0, 3, 5, 11, 13, 14, 15, 16, 17, 18, 19, 20, 21, 22, 23, 24, 25, 26, 27, 28, 32, 33, 34, 35, 36, 38, 41, 42, 44, 47, 48, 49, 51, 52, 53, 54, 55, 56, 58, 61, 65, 67, 69, 71, 72, 74, 76, 77, 78, 79, 80, 81, 83, 84, 87, 88, 89, 90, 91, 92, 93, 94, 95, 96, 98, 99, 101, 103, 105, 107, 108, 109, 111, 112, 114, 115, 117, 118, 119, 120, 121, 122, 125, 127, 128, 129, 130, 131, 132, 133, 134, 135, 136, 137, 141, 143, 145, 146, 147, 148, 149, 150, 151, 153, 154, 155, 156, 158, 159, 161, 162, 163, 164, 165, 167, 170, 171, 173, 174, 175, 176, 178, 179, 180, 182, 183, 184, 185, 186, 189, 190, 191, 192, 194, 195, 196, 197, 198, 199, 200, 201, 202, 203, 204, 205, 206, 207, 208, 210, 211, 212, 213, 214, 215, 217, 221, 222, 223, 224, 225, 226, 227, 228, 229, 232, 234, 235, 236, 240, 241, 242, 244, 245, 247, 249, 250, 252, 253, 254, 255, 256, 259, 260, 265, 266, 268, 269, 270, 271, 272, 273, 274, 275, 276, 277, 278, 279, 285, 286, 289, 290, 291, 292, 293, 294, 295, 296, 301, 302, 304, 309, 310, 311, 313, 315, 316, 319, 320, 321, 322, 323, 324, 325, 326, 327, 329, 330, 333, 334, 335, 337, 338, 341, 343, 344, 346, 349, 350, 352, 353, 354, 358, 359, 360, 361, 365, 367, 370, 371, 373, 374, 375, 377]

 Run number: 30

Current generation...: 100
Best solution found so far in island: Weight left: 1957.0 Value: 22771020

Current generation...: 200
Best solution found so far in island: Weight left: 393.0 Value: 22773348

Current generation...: 300
Best solution found so far in island: Weight left: 40.0 Value: 22774954

Current generation...: 400
Best solution found so far in island: Weight left: 512.0 Value: 22776210

Current generation...: 499
Best solution found so far in island: Weight left: 119.0 Value: 22779496

Solution found in island:
Weight left: 119.0
Value: 22779496
Backpack configuration: [1, 3, 5, 6, 7, 8, 9, 13, 15, 16, 19, 20, 21, 23, 24, 25, 26, 27, 30, 31, 32, 33, 37, 38, 39, 40, 41, 42, 43, 44, 45, 47, 48, 50, 52, 55, 58, 60, 63, 64, 65, 66, 67, 68, 70, 71, 72, 73, 75, 77, 78, 79, 80, 81, 82, 84, 85, 86, 87, 90, 92, 94, 95, 96, 97, 98, 99, 100, 101, 103, 105, 106, 107, 108, 109, 110, 111, 113, 115, 116, 117, 118, 119, 120, 121, 122, 123, 124, 126, 127, 129, 131, 132, 133, 134, 137, 139, 140, 141, 144, 147, 149, 150, 151, 152, 153, 154, 155, 156, 157, 158, 159, 160, 162, 163, 165, 166, 167, 168, 169, 170, 172, 173, 174, 176, 177, 179, 180, 182, 183, 185, 186, 187, 188, 189, 190, 192, 193, 194, 195, 196, 197, 198, 199, 200, 202, 203, 205, 206, 207, 208, 209, 210, 211, 212, 214, 215, 216, 222, 224, 225, 227, 228, 230, 231, 233, 234, 235, 236, 238, 239, 240, 245, 247, 249, 253, 254, 256, 257, 258, 259, 260, 261, 263, 265, 266, 267, 268, 269, 270, 271, 272, 273, 274, 275, 276, 277, 279, 283, 284, 285, 286, 287, 292, 294, 296, 297, 298, 299, 300, 302, 303, 304, 307, 308, 309, 310, 311, 313, 314, 318, 319, 322, 323, 324, 325, 326, 328, 330, 334, 335, 337, 338, 339, 341, 343, 344, 345, 348, 350, 353, 354, 356, 358, 359, 361, 363, 364, 365, 366, 370, 371, 374, 375]