

-------------------------------------------------------
-------------------------------------------------------

---Generated Parameters---
Population size per island: 500
Number of generations: 500
Crossover probability: 0.5
Mutation probability: 0.1
Backpack capacity: 400
Max backpack weight: 9486367
Instance used: ks_400_0

 Run number: 1

Current generation...: 100
Best solution found so far in island: Weight left: 77.0 Value: 22783380

Current generation...: 200
Best solution found so far in island: Weight left: 25.0 Value: 22783984

Current generation...: 300
Best solution found so far in island: Weight left: 25.0 Value: 22783984

Current generation...: 400
Best solution found so far in island: Weight left: 21.0 Value: 22783992

Current generation...: 499
Best solution found so far in island: Weight left: 13.0 Value: 22784008

Solution found in island:
Weight left: 13.0
Value: 22784008
Backpack configuration: [0, 1, 2, 3, 4, 5, 6, 7, 8, 9, 10, 11, 13, 14, 15, 16, 17, 18, 19, 20, 21, 23, 24, 25, 27, 28, 29, 31, 32, 35, 37, 40, 42, 44, 45, 46, 49, 50, 51, 52, 53, 55, 56, 57, 58, 60, 61, 62, 63, 64, 65, 67, 69, 70, 72, 74, 75, 76, 77, 78, 79, 81, 82, 83, 84, 87, 88, 89, 90, 91, 92, 93, 94, 95, 96, 97, 98, 99, 100, 101, 102, 106, 107, 108, 111, 112, 113, 114, 115, 116, 117, 118, 120, 121, 122, 123, 124, 125, 126, 129, 131, 132, 133, 137, 139, 140, 141, 142, 143, 144, 145, 146, 147, 148, 149, 151, 152, 155, 156, 157, 158, 159, 161, 163, 165, 166, 168, 169, 171, 172, 173, 174, 175, 176, 177, 178, 179, 184, 191, 192, 193, 194, 195, 196, 197, 199, 201, 202, 203, 205, 206, 207, 208, 211, 214, 215, 216, 217, 219, 220, 221, 222, 224, 225, 226, 228, 230, 231, 232, 234, 235, 236, 238, 239, 240, 242, 244, 245, 246, 247, 248, 251, 252, 253, 254, 255, 257, 260, 261, 267, 268, 269, 270, 271, 272, 274, 275, 276, 277, 279, 280, 281, 282, 283, 284, 285, 286, 287, 288, 291, 293, 295, 298, 299, 301, 303, 304, 305, 309, 310, 311, 312, 313, 315, 316, 317, 318, 319, 320, 323, 325, 326, 327, 328, 329, 330, 331, 332, 333, 334, 335, 338, 341, 343, 345, 346, 347, 352, 353, 354, 355, 357, 358, 359, 361, 362, 364, 365, 366, 368, 370, 371, 372, 373, 375, 377, 380]

 Run number: 2

Current generation...: 100
Best solution found so far in island: Weight left: 79.0 Value: 22785876

Current generation...: 200
Best solution found so far in island: Weight left: 3.0 Value: 22785928

Current generation...: 300
Best solution found so far in island: Weight left: 11.0 Value: 22785912

Current generation...: 400
Best solution found so far in island: Weight left: 11.0 Value: 22785912

Current generation...: 499
Best solution found so far in island: Weight left: 3.0 Value: 22785928

Solution found in island:
Weight left: 3.0
Value: 22785928
Backpack configuration: [0, 1, 2, 3, 4, 6, 9, 10, 11, 12, 13, 14, 16, 17, 20, 21, 23, 24, 26, 27, 28, 30, 31, 32, 33, 34, 35, 36, 38, 39, 40, 41, 44, 45, 48, 50, 52, 54, 60, 61, 63, 66, 67, 69, 70, 71, 75, 76, 77, 78, 79, 80, 84, 85, 86, 88, 89, 90, 91, 92, 93, 94, 95, 96, 97, 98, 101, 102, 103, 104, 105, 106, 108, 109, 112, 113, 115, 116, 118, 120, 121, 123, 124, 125, 126, 127, 128, 129, 130, 132, 137, 138, 139, 140, 141, 142, 144, 145, 146, 147, 150, 151, 152, 154, 156, 157, 158, 160, 161, 162, 163, 164, 167, 168, 169, 171, 172, 173, 174, 176, 177, 178, 179, 180, 183, 184, 185, 186, 187, 190, 191, 192, 193, 194, 195, 197, 198, 199, 200, 201, 202, 204, 205, 210, 211, 212, 214, 218, 219, 220, 221, 222, 223, 224, 225, 226, 227, 228, 229, 232, 234, 235, 238, 239, 240, 241, 242, 243, 244, 245, 246, 247, 248, 249, 250, 251, 252, 253, 254, 255, 256, 257, 258, 259, 260, 262, 263, 264, 266, 267, 270, 271, 272, 273, 274, 276, 277, 278, 279, 280, 281, 283, 285, 287, 290, 291, 292, 293, 294, 297, 298, 299, 300, 301, 302, 303, 304, 306, 307, 310, 311, 312, 313, 315, 317, 319, 320, 321, 322, 323, 325, 327, 328, 329, 331, 332, 333, 335, 336, 337, 338, 339, 340, 342, 343, 345, 346, 347, 349, 350, 351, 352, 353, 355, 357, 359, 361, 362, 365, 366, 367, 368, 371, 372, 373, 374, 377, 378, 379, 384]

 Run number: 3

Current generation...: 100
Best solution found so far in island: Weight left: 21.0 Value: 22787692

Current generation...: 200
Best solution found so far in island: Weight left: 13.0 Value: 22787708

Current generation...: 300
Best solution found so far in island: Weight left: 3.0 Value: 22787728

Current generation...: 400
Best solution found so far in island: Weight left: 7.0 Value: 22788020

Current generation...: 499
Best solution found so far in island: Weight left: 7.0 Value: 22788020

Solution found in island:
Weight left: 7.0
Value: 22788020
Backpack configuration: [0, 1, 3, 4, 5, 7, 8, 10, 11, 12, 13, 14, 15, 16, 18, 19, 20, 21, 22, 23, 24, 25, 26, 27, 28, 29, 30, 32, 33, 34, 36, 37, 38, 39, 41, 43, 44, 45, 50, 51, 52, 54, 55, 56, 57, 60, 61, 62, 63, 64, 66, 67, 68, 70, 71, 72, 73, 74, 75, 76, 77, 79, 80, 81, 82, 83, 84, 86, 87, 89, 92, 94, 95, 96, 98, 101, 103, 105, 107, 108, 109, 110, 111, 112, 113, 115, 117, 118, 119, 120, 121, 122, 124, 125, 126, 127, 128, 129, 130, 131, 132, 135, 137, 140, 141, 142, 143, 144, 146, 148, 149, 150, 151, 153, 154, 155, 157, 158, 159, 160, 161, 162, 163, 164, 165, 166, 167, 171, 172, 173, 174, 175, 176, 178, 179, 180, 181, 182, 187, 188, 189, 190, 191, 192, 193, 195, 198, 199, 200, 201, 202, 203, 204, 207, 209, 210, 211, 212, 213, 214, 215, 216, 217, 218, 219, 220, 221, 222, 224, 227, 228, 229, 230, 232, 233, 234, 235, 236, 237, 238, 241, 242, 244, 245, 246, 248, 249, 250, 251, 254, 255, 256, 258, 259, 261, 262, 263, 265, 266, 267, 268, 269, 270, 271, 272, 273, 274, 277, 279, 282, 285, 286, 288, 289, 291, 293, 296, 298, 299, 301, 303, 306, 307, 308, 310, 311, 312, 313, 314, 315, 317, 318, 319, 320, 322, 324, 325, 326, 329, 333, 334, 336, 337, 341, 342, 344, 345, 346, 347, 349, 350, 353, 355, 356, 357, 359, 361, 362, 363, 364, 366, 368, 369, 370, 371, 377, 379, 381, 382, 383, 386, 388, 389, 392, 393, 394, 398]

 Run number: 4

Current generation...: 100
Best solution found so far in island: Weight left: 0.0 Value: 22775934

Current generation...: 200
Best solution found so far in island: Weight left: 0.0 Value: 22775934

Current generation...: 300
Best solution found so far in island: Weight left: 20.0 Value: 22776194

Current generation...: 400
Best solution found so far in island: Weight left: 6.0 Value: 22776722

Current generation...: 499
Best solution found so far in island: Weight left: 29.0 Value: 22777176

Solution found in island:
Weight left: 29.0
Value: 22777176
Backpack configuration: [2, 4, 6, 7, 8, 11, 13, 14, 15, 17, 18, 20, 23, 25, 26, 27, 28, 30, 31, 33, 34, 35, 36, 37, 38, 39, 40, 41, 42, 43, 44, 45, 46, 48, 50, 52, 53, 54, 56, 57, 58, 59, 60, 61, 62, 63, 64, 66, 68, 69, 71, 74, 76, 77, 78, 79, 83, 86, 89, 90, 91, 92, 93, 94, 95, 96, 98, 99, 101, 105, 107, 108, 109, 110, 112, 113, 114, 115, 116, 117, 119, 120, 121, 122, 123, 124, 125, 126, 127, 129, 131, 133, 137, 139, 140, 142, 144, 146, 148, 149, 150, 153, 154, 158, 159, 161, 162, 164, 166, 167, 168, 169, 170, 171, 174, 175, 176, 179, 180, 182, 185, 186, 187, 188, 190, 192, 194, 195, 196, 197, 198, 199, 201, 202, 203, 205, 207, 208, 210, 211, 213, 214, 218, 219, 222, 223, 224, 225, 229, 231, 232, 233, 236, 237, 242, 243, 244, 245, 247, 249, 250, 251, 254, 255, 259, 260, 262, 263, 264, 265, 266, 267, 268, 269, 270, 271, 273, 274, 275, 276, 277, 278, 279, 281, 284, 285, 288, 289, 292, 294, 296, 297, 300, 301, 303, 305, 308, 311, 313, 314, 319, 320, 321, 322, 324, 326, 328, 330, 331, 332, 334, 335, 336, 337, 338, 339, 340, 341, 342, 343, 345, 348, 349, 350, 352, 353, 357, 358, 359, 360, 361, 364, 365, 366, 368, 371, 372, 373, 374, 377, 378, 381, 384, 385, 386, 389, 390, 392, 393]

 Run number: 5

Current generation...: 100
Best solution found so far in island: Weight left: 7.0 Value: 22777720

Current generation...: 200
Best solution found so far in island: Weight left: 9.0 Value: 22778016

Current generation...: 300
Best solution found so far in island: Weight left: 9.0 Value: 22778016

Current generation...: 400
Best solution found so far in island: Weight left: 9.0 Value: 22778016

Current generation...: 499
Best solution found so far in island: Weight left: 9.0 Value: 22778016

Solution found in island:
Weight left: 9.0
Value: 22778016
Backpack configuration: [0, 1, 2, 3, 4, 5, 7, 8, 9, 10, 14, 15, 18, 20, 21, 23, 25, 26, 27, 30, 31, 36, 39, 40, 41, 42, 43, 44, 45, 46, 47, 48, 49, 51, 52, 54, 56, 58, 60, 61, 62, 64, 65, 66, 69, 70, 71, 72, 74, 75, 78, 79, 80, 82, 83, 84, 86, 89, 90, 91, 92, 93, 97, 98, 99, 100, 101, 102, 103, 104, 105, 106, 107, 108, 109, 111, 112, 113, 114, 115, 116, 121, 124, 125, 126, 129, 131, 132, 133, 134, 135, 137, 139, 140, 141, 142, 143, 144, 145, 146, 147, 148, 150, 154, 155, 156, 157, 158, 162, 163, 164, 165, 166, 168, 169, 170, 172, 173, 174, 176, 177, 178, 184, 185, 188, 189, 190, 191, 192, 193, 194, 195, 196, 198, 199, 201, 202, 203, 204, 206, 207, 208, 209, 212, 215, 216, 217, 218, 219, 220, 222, 224, 225, 227, 228, 229, 230, 231, 232, 233, 234, 235, 236, 239, 240, 241, 242, 245, 249, 251, 253, 254, 256, 257, 258, 259, 260, 261, 262, 263, 264, 265, 266, 267, 269, 270, 274, 275, 277, 278, 279, 282, 283, 286, 289, 290, 291, 292, 293, 294, 295, 296, 297, 298, 300, 301, 305, 307, 308, 309, 310, 311, 313, 314, 315, 318, 320, 322, 326, 327, 328, 329, 331, 333, 334, 337, 339, 341, 342, 343, 345, 347, 348, 350, 351, 353, 356, 357, 360, 363, 364, 365, 367, 369, 371, 372, 375, 376, 379]

 Run number: 6

Current generation...: 100
Best solution found so far in island: Weight left: 65.0 Value: 22784904

Current generation...: 200
Best solution found so far in island: Weight left: 3.0 Value: 22785528

Current generation...: 300
Best solution found so far in island: Weight left: 13.0 Value: 22785808

Current generation...: 400
Best solution found so far in island: Weight left: 5.0 Value: 22785824

Current generation...: 499
Best solution found so far in island: Weight left: 5.0 Value: 22785824

Solution found in island:
Weight left: 5.0
Value: 22785824
Backpack configuration: [0, 1, 2, 4, 6, 7, 9, 10, 12, 13, 14, 16, 17, 19, 20, 21, 23, 24, 26, 27, 28, 29, 32, 33, 34, 35, 36, 38, 40, 41, 42, 44, 45, 46, 47, 50, 51, 52, 54, 55, 56, 58, 59, 60, 62, 63, 65, 66, 68, 69, 70, 75, 76, 79, 80, 81, 82, 83, 84, 86, 87, 88, 90, 96, 97, 98, 99, 100, 101, 102, 103, 104, 105, 107, 108, 109, 110, 111, 112, 113, 117, 119, 120, 122, 125, 126, 130, 131, 132, 134, 137, 138, 139, 141, 142, 143, 144, 145, 146, 148, 149, 150, 151, 152, 153, 154, 155, 156, 158, 159, 160, 161, 164, 165, 167, 168, 169, 170, 171, 172, 173, 175, 176, 177, 179, 180, 181, 183, 185, 186, 187, 189, 190, 192, 193, 194, 195, 196, 197, 200, 201, 202, 203, 204, 206, 208, 209, 210, 212, 213, 214, 215, 217, 218, 219, 222, 223, 225, 226, 227, 228, 229, 230, 232, 233, 234, 236, 237, 238, 240, 241, 242, 243, 244, 245, 246, 248, 250, 252, 253, 255, 256, 259, 262, 264, 266, 267, 268, 269, 271, 277, 278, 280, 281, 282, 283, 284, 285, 286, 287, 289, 291, 292, 293, 295, 296, 297, 298, 300, 301, 303, 304, 305, 306, 307, 309, 310, 313, 315, 316, 317, 318, 319, 320, 321, 322, 323, 324, 325, 326, 327, 328, 331, 332, 334, 336, 337, 340, 341, 344, 345, 346, 347, 350, 351, 352, 353, 354, 355, 356, 357, 358, 359, 362, 363, 364, 365, 366, 367, 368, 369, 370, 371, 373, 374, 375, 378, 382, 387]

 Run number: 7

Current generation...: 100
Best solution found so far in island: Weight left: 59.0 Value: 22777416

Current generation...: 200
Best solution found so far in island: Weight left: 45.0 Value: 22777444

Current generation...: 300
Best solution found so far in island: Weight left: 25.0 Value: 22777484

Current generation...: 400
Best solution found so far in island: Weight left: 19.0 Value: 22777996

Current generation...: 499
Best solution found so far in island: Weight left: 15.0 Value: 22778304

Solution found in island:
Weight left: 15.0
Value: 22778304
Backpack configuration: [0, 1, 5, 6, 7, 9, 11, 12, 14, 15, 17, 18, 19, 20, 22, 23, 25, 26, 27, 28, 29, 30, 33, 35, 36, 37, 39, 40, 42, 43, 44, 46, 47, 48, 50, 51, 52, 54, 56, 57, 58, 59, 60, 61, 63, 65, 66, 67, 69, 70, 71, 76, 77, 78, 80, 81, 82, 83, 84, 85, 86, 87, 88, 89, 90, 92, 94, 95, 96, 97, 98, 100, 103, 104, 105, 106, 107, 111, 112, 113, 114, 115, 116, 117, 118, 119, 124, 125, 126, 129, 130, 131, 133, 134, 136, 138, 139, 140, 141, 142, 143, 144, 145, 147, 148, 149, 150, 152, 154, 155, 159, 161, 163, 165, 166, 168, 170, 171, 172, 173, 174, 175, 176, 177, 178, 179, 180, 181, 182, 184, 185, 186, 187, 188, 190, 191, 192, 193, 194, 196, 197, 198, 200, 201, 202, 203, 204, 206, 207, 208, 213, 214, 215, 220, 221, 222, 223, 224, 226, 228, 231, 232, 233, 234, 235, 236, 237, 238, 239, 241, 242, 243, 244, 245, 248, 250, 251, 253, 254, 255, 257, 258, 262, 263, 264, 265, 266, 268, 269, 270, 272, 273, 274, 276, 277, 278, 279, 280, 283, 285, 286, 287, 289, 290, 292, 293, 295, 296, 299, 301, 302, 303, 304, 307, 312, 314, 315, 317, 320, 321, 325, 326, 327, 328, 329, 331, 332, 333, 335, 336, 337, 339, 341, 343, 344, 345, 346, 348, 350, 351, 353, 355, 358, 359, 361, 362, 363, 367, 369, 372, 373, 374, 376, 384]

 Run number: 8

Current generation...: 100
Best solution found so far in island: Weight left: 161.0 Value: 22779612

Current generation...: 200
Best solution found so far in island: Weight left: 11.0 Value: 22779912

Current generation...: 300
Best solution found so far in island: Weight left: 31.0 Value: 22780372

Current generation...: 400
Best solution found so far in island: Weight left: 27.0 Value: 22780380

Current generation...: 499
Best solution found so far in island: Weight left: 6.0 Value: 22780922

Solution found in island:
Weight left: 6.0
Value: 22780922
Backpack configuration: [3, 4, 5, 6, 7, 8, 10, 11, 12, 13, 14, 15, 16, 17, 19, 22, 24, 25, 26, 27, 28, 29, 30, 33, 34, 37, 38, 39, 40, 41, 42, 44, 45, 47, 48, 50, 51, 52, 53, 55, 59, 60, 63, 65, 69, 70, 72, 73, 74, 75, 76, 78, 79, 80, 81, 82, 83, 84, 85, 86, 90, 92, 93, 94, 95, 96, 97, 98, 99, 101, 102, 104, 105, 106, 107, 109, 110, 111, 113, 115, 117, 118, 119, 120, 121, 122, 123, 124, 125, 131, 133, 134, 135, 136, 139, 141, 142, 143, 144, 146, 147, 149, 150, 153, 154, 155, 157, 158, 162, 168, 169, 171, 172, 173, 174, 175, 176, 177, 178, 179, 181, 182, 184, 185, 187, 189, 191, 192, 193, 195, 196, 197, 199, 200, 204, 206, 207, 208, 209, 210, 211, 213, 214, 215, 216, 217, 218, 219, 220, 221, 223, 224, 225, 226, 230, 232, 233, 234, 235, 237, 238, 239, 240, 241, 243, 244, 245, 246, 248, 250, 252, 253, 254, 256, 257, 258, 259, 260, 262, 263, 264, 265, 266, 267, 268, 271, 272, 273, 274, 275, 276, 277, 278, 279, 280, 283, 284, 286, 287, 288, 290, 292, 294, 295, 297, 298, 299, 300, 302, 303, 308, 309, 312, 313, 314, 316, 317, 319, 320, 325, 326, 327, 329, 332, 333, 334, 336, 337, 338, 340, 341, 342, 344, 345, 346, 347, 349, 350, 352, 353, 354, 357, 359, 361, 362, 363, 365, 367, 370, 371, 372, 373, 374, 377, 378, 379, 383, 384]

 Run number: 9

Current generation...: 100
Best solution found so far in island: Weight left: 32.0 Value: 22769770

Current generation...: 200
Best solution found so far in island: Weight left: 22.0 Value: 22769790

Current generation...: 300
Best solution found so far in island: Weight left: 12.0 Value: 22769810

Current generation...: 400
Best solution found so far in island: Weight left: 12.0 Value: 22769810

Current generation...: 499
Best solution found so far in island: Weight left: 12.0 Value: 22769810

Solution found in island:
Weight left: 12.0
Value: 22769810
Backpack configuration: [1, 2, 3, 5, 6, 8, 9, 10, 11, 12, 16, 18, 19, 21, 22, 24, 25, 26, 27, 28, 29, 30, 33, 34, 36, 37, 38, 40, 41, 42, 43, 44, 47, 51, 52, 53, 54, 56, 57, 58, 60, 61, 63, 64, 65, 67, 68, 69, 71, 73, 74, 75, 76, 79, 80, 81, 82, 84, 86, 88, 89, 90, 91, 93, 94, 95, 98, 100, 104, 110, 111, 113, 114, 115, 117, 118, 119, 120, 121, 126, 130, 134, 136, 138, 140, 141, 143, 144, 146, 148, 150, 153, 154, 156, 161, 163, 164, 165, 166, 169, 174, 175, 176, 177, 178, 179, 181, 182, 184, 185, 187, 188, 190, 191, 192, 193, 195, 196, 197, 198, 200, 201, 206, 207, 210, 211, 212, 213, 214, 216, 217, 218, 219, 221, 223, 224, 225, 226, 227, 228, 230, 231, 232, 234, 242, 243, 244, 245, 247, 248, 249, 250, 251, 253, 254, 255, 256, 257, 260, 261, 262, 263, 264, 266, 268, 270, 271, 272, 273, 274, 278, 279, 281, 283, 286, 288, 289, 290, 291, 292, 296, 302, 304, 306, 307, 308, 311, 312, 313, 315, 316, 321, 322, 323, 324, 326, 327, 328, 330, 333, 334, 336, 342, 343, 344, 347, 350, 354, 356, 360, 361, 362, 363, 366, 367, 368, 370, 373, 375, 376, 380, 382, 383, 384, 385, 388, 390, 392, 393]

 Run number: 10

Current generation...: 100
Best solution found so far in island: Weight left: 167.0 Value: 22775900

Current generation...: 200
Best solution found so far in island: Weight left: 44.0 Value: 22776646

Current generation...: 300
Best solution found so far in island: Weight left: 22.0 Value: 22776690

Current generation...: 400
Best solution found so far in island: Weight left: 1.0 Value: 22777232

Current generation...: 499
Best solution found so far in island: Weight left: 1.0 Value: 22777232

Solution found in island:
Weight left: 1.0
Value: 22777232
Backpack configuration: [3, 4, 5, 6, 11, 12, 18, 19, 21, 24, 27, 28, 30, 31, 32, 34, 35, 36, 37, 39, 40, 43, 47, 48, 49, 50, 51, 52, 56, 57, 58, 59, 60, 62, 63, 64, 65, 67, 68, 71, 72, 73, 74, 76, 77, 78, 79, 81, 82, 84, 85, 88, 90, 91, 93, 95, 96, 97, 98, 102, 103, 104, 105, 106, 107, 108, 111, 112, 114, 116, 118, 119, 120, 122, 123, 124, 125, 126, 127, 128, 129, 130, 131, 133, 134, 135, 136, 137, 138, 139, 140, 141, 142, 143, 144, 146, 149, 151, 154, 160, 161, 164, 165, 166, 167, 168, 170, 172, 173, 174, 177, 178, 179, 180, 182, 184, 185, 187, 189, 190, 191, 192, 193, 194, 195, 196, 197, 201, 202, 203, 206, 207, 208, 211, 212, 213, 215, 216, 218, 219, 220, 221, 222, 223, 224, 226, 229, 231, 232, 233, 235, 238, 240, 241, 242, 243, 245, 247, 248, 251, 252, 256, 257, 258, 259, 261, 262, 264, 265, 268, 269, 271, 273, 274, 276, 277, 278, 279, 280, 281, 282, 283, 286, 287, 289, 290, 291, 293, 294, 295, 296, 299, 300, 301, 303, 304, 305, 306, 307, 308, 309, 311, 312, 313, 314, 316, 317, 318, 319, 321, 323, 324, 325, 327, 328, 329, 330, 334, 335, 336, 337, 342, 343, 344, 345, 346, 347, 349, 350, 351, 352, 353, 354, 355, 356, 357, 358, 360, 361, 362, 365, 367, 368, 369, 371, 373, 375, 377, 379, 380, 383]

 Run number: 11

Current generation...: 100
Best solution found so far in island: Weight left: 201.0 Value: 22781632

Current generation...: 200
Best solution found so far in island: Weight left: 15.0 Value: 22781804

Current generation...: 300
Best solution found so far in island: Weight left: 15.0 Value: 22781804

Current generation...: 400
Best solution found so far in island: Weight left: 15.0 Value: 22781804

Current generation...: 499
Best solution found so far in island: Weight left: 3.0 Value: 22781828

Solution found in island:
Weight left: 3.0
Value: 22781828
Backpack configuration: [1, 2, 3, 6, 7, 8, 9, 11, 12, 13, 17, 19, 21, 22, 23, 24, 26, 27, 28, 29, 31, 33, 34, 35, 38, 39, 41, 42, 44, 45, 47, 48, 49, 50, 51, 52, 53, 54, 55, 56, 57, 58, 60, 62, 64, 65, 68, 69, 70, 72, 73, 75, 76, 77, 78, 81, 82, 83, 84, 85, 86, 87, 88, 90, 92, 94, 95, 96, 99, 101, 102, 103, 104, 108, 109, 112, 113, 114, 115, 118, 119, 120, 121, 123, 124, 126, 127, 128, 129, 131, 132, 134, 136, 138, 139, 140, 141, 143, 145, 146, 147, 148, 150, 151, 153, 155, 156, 157, 158, 159, 160, 162, 164, 165, 166, 167, 168, 169, 173, 174, 175, 176, 178, 179, 180, 181, 182, 185, 186, 187, 188, 189, 191, 194, 195, 196, 198, 200, 201, 202, 203, 206, 207, 208, 211, 212, 213, 214, 215, 216, 218, 219, 220, 222, 224, 226, 228, 229, 231, 232, 236, 237, 238, 239, 240, 243, 244, 246, 249, 250, 251, 252, 253, 254, 255, 258, 259, 260, 263, 264, 266, 267, 268, 269, 270, 271, 272, 274, 275, 276, 277, 278, 279, 280, 282, 283, 284, 287, 289, 290, 291, 292, 293, 296, 297, 299, 301, 302, 303, 304, 305, 306, 308, 309, 310, 311, 312, 314, 317, 318, 320, 321, 322, 324, 325, 326, 327, 329, 330, 332, 334, 335, 341, 342, 345, 346, 349, 350, 351, 354, 356, 357, 358, 359, 360, 362, 363, 365, 366, 367, 368, 369, 371, 373, 374, 378, 379, 381, 382, 384, 389]

 Run number: 12

Current generation...: 100
Best solution found so far in island: Weight left: 247.0 Value: 22784240

Current generation...: 200
Best solution found so far in island: Weight left: 87.0 Value: 22784560

Current generation...: 300
Best solution found so far in island: Weight left: 27.0 Value: 22784680

Current generation...: 400
Best solution found so far in island: Weight left: 7.0 Value: 22784720

Current generation...: 499
Best solution found so far in island: Weight left: 7.0 Value: 22784720

Solution found in island:
Weight left: 7.0
Value: 22784720
Backpack configuration: [0, 1, 2, 3, 5, 7, 8, 9, 10, 11, 12, 14, 16, 18, 19, 20, 21, 22, 23, 26, 27, 28, 29, 30, 31, 32, 33, 37, 38, 39, 40, 41, 42, 43, 44, 45, 46, 47, 50, 51, 52, 53, 55, 56, 57, 59, 60, 61, 62, 63, 69, 70, 71, 72, 74, 76, 77, 79, 80, 81, 82, 83, 84, 85, 87, 88, 89, 90, 91, 93, 94, 95, 96, 102, 103, 104, 107, 108, 111, 112, 113, 114, 115, 116, 117, 118, 119, 120, 121, 122, 123, 124, 127, 131, 132, 133, 135, 136, 137, 138, 139, 141, 142, 147, 148, 149, 150, 152, 153, 154, 155, 156, 158, 159, 161, 162, 164, 165, 166, 167, 168, 169, 170, 171, 172, 174, 175, 176, 178, 179, 182, 183, 184, 187, 188, 190, 191, 192, 193, 194, 196, 197, 199, 200, 201, 202, 203, 206, 207, 208, 210, 213, 214, 215, 217, 219, 222, 224, 225, 226, 229, 230, 232, 233, 234, 235, 236, 238, 239, 240, 241, 242, 243, 244, 245, 246, 247, 249, 252, 253, 254, 255, 257, 260, 262, 263, 264, 265, 267, 268, 269, 274, 275, 276, 278, 282, 283, 284, 285, 286, 287, 288, 289, 290, 292, 293, 294, 296, 297, 298, 299, 300, 302, 305, 314, 315, 316, 317, 318, 320, 322, 324, 325, 326, 327, 329, 330, 331, 332, 333, 334, 336, 338, 339, 342, 343, 344, 346, 348, 349, 350, 351, 352, 353, 356, 357, 360, 361, 362, 363, 364, 366, 367, 371, 372, 373, 375, 376, 378, 381, 382, 385, 386, 388, 389, 392]

 Run number: 13

Current generation...: 100
Best solution found so far in island: Weight left: 23.0 Value: 22781188

Current generation...: 200
Best solution found so far in island: Weight left: 3.0 Value: 22781228

Current generation...: 300
Best solution found so far in island: Weight left: 3.0 Value: 22781228

Current generation...: 400
Best solution found so far in island: Weight left: 3.0 Value: 22781228

Current generation...: 499
Best solution found so far in island: Weight left: 3.0 Value: 22781228

Solution found in island:
Weight left: 3.0
Value: 22781228
Backpack configuration: [1, 3, 4, 5, 7, 8, 10, 11, 12, 13, 14, 15, 16, 18, 20, 21, 22, 23, 25, 26, 27, 28, 29, 31, 32, 34, 36, 38, 39, 42, 43, 44, 45, 48, 49, 50, 51, 53, 54, 55, 56, 57, 58, 59, 60, 62, 63, 65, 66, 67, 68, 70, 71, 74, 75, 76, 77, 78, 79, 82, 83, 84, 85, 86, 88, 89, 92, 93, 94, 95, 96, 98, 101, 103, 105, 108, 109, 110, 111, 112, 113, 114, 116, 118, 119, 120, 121, 122, 123, 124, 125, 126, 129, 130, 131, 133, 135, 136, 138, 139, 140, 141, 142, 143, 145, 146, 147, 148, 149, 150, 151, 153, 154, 156, 157, 158, 160, 162, 163, 165, 166, 168, 169, 170, 171, 172, 174, 175, 176, 177, 178, 181, 182, 183, 184, 185, 186, 187, 191, 192, 196, 197, 198, 199, 200, 201, 202, 203, 204, 206, 208, 210, 212, 213, 214, 216, 217, 219, 220, 221, 222, 223, 224, 225, 226, 227, 228, 229, 231, 232, 233, 235, 236, 237, 238, 240, 241, 245, 246, 247, 249, 250, 251, 254, 256, 259, 260, 261, 263, 266, 268, 270, 272, 273, 275, 280, 281, 283, 284, 286, 287, 288, 289, 290, 291, 292, 294, 296, 299, 301, 302, 303, 305, 308, 311, 312, 313, 315, 316, 317, 320, 322, 324, 325, 327, 329, 330, 331, 332, 333, 336, 337, 342, 345, 346, 349, 350, 352, 355, 356, 357, 358, 359, 360, 361, 362, 365, 366, 367, 369, 370, 372, 373, 374, 375, 377, 378, 379, 381]

 Run number: 14

Current generation...: 100
Best solution found so far in island: Weight left: 33.0 Value: 22782968

Current generation...: 200
Best solution found so far in island: Weight left: 31.0 Value: 22782972

Current generation...: 300
Best solution found so far in island: Weight left: 13.0 Value: 22783008

Current generation...: 400
Best solution found so far in island: Weight left: 3.0 Value: 22783028

Current generation...: 499
Best solution found so far in island: Weight left: 3.0 Value: 22783028

Solution found in island:
Weight left: 3.0
Value: 22783028
Backpack configuration: [0, 2, 4, 6, 7, 9, 10, 12, 13, 15, 17, 20, 22, 23, 24, 26, 27, 29, 30, 31, 32, 33, 34, 35, 36, 38, 39, 40, 41, 43, 44, 47, 49, 51, 52, 53, 54, 55, 56, 57, 58, 59, 60, 61, 62, 63, 65, 66, 67, 69, 70, 71, 74, 75, 77, 79, 84, 85, 87, 88, 89, 91, 93, 95, 96, 97, 99, 101, 102, 105, 106, 107, 108, 109, 110, 112, 113, 114, 119, 120, 121, 122, 123, 126, 127, 129, 130, 131, 132, 133, 134, 135, 138, 139, 141, 142, 143, 144, 147, 148, 151, 153, 154, 155, 156, 157, 158, 160, 161, 162, 164, 165, 166, 167, 168, 169, 170, 172, 173, 175, 176, 177, 178, 179, 182, 184, 185, 187, 189, 190, 191, 192, 193, 195, 197, 198, 199, 200, 201, 202, 203, 206, 207, 208, 209, 211, 213, 214, 217, 218, 219, 222, 224, 225, 227, 230, 233, 234, 236, 237, 238, 240, 243, 244, 245, 247, 250, 251, 253, 257, 258, 259, 261, 264, 265, 266, 268, 269, 270, 271, 272, 273, 274, 275, 276, 277, 278, 279, 280, 281, 282, 285, 286, 287, 288, 290, 291, 292, 294, 295, 296, 297, 300, 301, 304, 306, 309, 310, 312, 313, 315, 316, 321, 324, 327, 329, 330, 333, 334, 335, 337, 338, 339, 340, 342, 345, 347, 348, 349, 351, 352, 353, 354, 355, 356, 357, 358, 359, 360, 361, 363, 364, 365, 367, 368, 369, 370, 371, 372, 373, 378, 379, 380, 381, 383, 384, 385, 386, 387, 389, 392, 393, 394, 397, 398]

 Run number: 15

Current generation...: 100
Best solution found so far in island: Weight left: 18.0 Value: 22779698

Current generation...: 200
Best solution found so far in island: Weight left: 16.0 Value: 22779702

Current generation...: 300
Best solution found so far in island: Weight left: 36.0 Value: 22780462

Current generation...: 400
Best solution found so far in island: Weight left: 33.0 Value: 22780968

Current generation...: 499
Best solution found so far in island: Weight left: 15.0 Value: 22781004

Solution found in island:
Weight left: 15.0
Value: 22781004
Backpack configuration: [2, 3, 4, 5, 7, 10, 12, 13, 16, 17, 18, 20, 21, 22, 23, 24, 25, 28, 30, 33, 34, 35, 37, 40, 41, 42, 43, 46, 47, 48, 49, 50, 51, 52, 54, 55, 56, 57, 59, 60, 61, 63, 64, 65, 66, 67, 68, 70, 71, 72, 73, 74, 75, 76, 77, 78, 79, 80, 81, 83, 84, 85, 88, 89, 90, 91, 94, 95, 96, 97, 98, 99, 100, 101, 104, 105, 106, 107, 108, 109, 110, 111, 113, 115, 116, 117, 118, 119, 120, 122, 123, 124, 125, 126, 127, 128, 129, 130, 132, 133, 135, 136, 137, 138, 139, 140, 143, 144, 145, 146, 148, 149, 150, 151, 154, 155, 156, 157, 159, 160, 161, 162, 164, 166, 167, 169, 170, 171, 172, 173, 174, 176, 177, 180, 182, 184, 185, 188, 189, 190, 192, 196, 197, 198, 200, 201, 202, 203, 207, 210, 212, 213, 217, 218, 220, 221, 224, 229, 232, 233, 235, 236, 237, 238, 239, 240, 242, 244, 245, 247, 251, 254, 255, 256, 257, 258, 260, 261, 263, 264, 266, 267, 268, 269, 270, 274, 276, 277, 279, 280, 281, 282, 283, 284, 285, 286, 287, 288, 290, 291, 292, 293, 294, 295, 296, 297, 298, 300, 301, 303, 304, 306, 307, 309, 311, 312, 314, 315, 317, 318, 319, 321, 324, 326, 327, 328, 329, 330, 333, 337, 338, 339, 342, 343, 344, 346, 347, 348, 350, 351, 352, 354, 357, 359, 360, 363, 365, 366, 367, 369, 370, 371, 372, 373, 375, 376, 377, 378, 379]

 Run number: 16

Current generation...: 100
Best solution found so far in island: Weight left: 7.0 Value: 22786520

Current generation...: 200
Best solution found so far in island: Weight left: 7.0 Value: 22786520

Current generation...: 300
Best solution found so far in island: Weight left: 79.0 Value: 22786676

Current generation...: 400
Best solution found so far in island: Weight left: 7.0 Value: 22786820

Current generation...: 499
Best solution found so far in island: Weight left: 7.0 Value: 22786820

Solution found in island:
Weight left: 7.0
Value: 22786820
Backpack configuration: [0, 1, 2, 3, 4, 5, 7, 8, 9, 10, 11, 12, 14, 16, 17, 18, 20, 22, 23, 24, 26, 27, 28, 31, 33, 34, 35, 36, 37, 39, 40, 42, 43, 44, 45, 46, 47, 48, 49, 50, 52, 53, 55, 57, 58, 61, 62, 63, 65, 66, 67, 69, 71, 72, 73, 74, 75, 76, 77, 78, 81, 83, 84, 85, 86, 90, 92, 94, 95, 96, 98, 99, 103, 104, 107, 108, 110, 111, 112, 114, 115, 118, 119, 122, 123, 125, 126, 127, 128, 129, 130, 132, 134, 135, 136, 137, 138, 140, 141, 142, 143, 145, 148, 149, 151, 154, 156, 157, 158, 159, 160, 162, 163, 164, 165, 166, 167, 168, 169, 170, 171, 172, 174, 175, 177, 178, 179, 180, 181, 183, 184, 185, 186, 187, 189, 190, 192, 193, 194, 197, 198, 199, 200, 201, 203, 204, 208, 209, 210, 211, 213, 214, 215, 216, 217, 218, 219, 220, 222, 223, 224, 226, 227, 228, 229, 233, 234, 235, 236, 239, 240, 241, 242, 243, 244, 245, 248, 249, 251, 253, 254, 256, 257, 259, 260, 261, 262, 265, 266, 267, 268, 270, 271, 272, 273, 274, 275, 276, 278, 279, 280, 281, 282, 283, 286, 288, 289, 290, 291, 292, 293, 297, 298, 299, 301, 302, 303, 305, 307, 309, 313, 315, 316, 317, 318, 319, 320, 321, 322, 325, 327, 329, 332, 334, 335, 337, 338, 339, 340, 342, 343, 345, 346, 348, 349, 351, 353, 354, 355, 358, 359, 362, 365, 368, 369, 370, 371, 372, 373, 377, 379, 380, 381, 382, 385, 387, 388, 389, 390, 392, 394, 395, 396]

 Run number: 17

Current generation...: 100
Best solution found so far in island: Weight left: 161.0 Value: 22784912

Current generation...: 200
Best solution found so far in island: Weight left: 31.0 Value: 22785172

Current generation...: 300
Best solution found so far in island: Weight left: 21.0 Value: 22785192

Current generation...: 400
Best solution found so far in island: Weight left: 17.0 Value: 22785200

Current generation...: 499
Best solution found so far in island: Weight left: 9.0 Value: 22785216

Solution found in island:
Weight left: 9.0
Value: 22785216
Backpack configuration: [1, 2, 3, 4, 5, 6, 9, 10, 11, 12, 14, 17, 18, 19, 21, 23, 24, 26, 28, 29, 30, 31, 33, 34, 35, 36, 37, 38, 40, 41, 42, 43, 46, 48, 49, 50, 51, 52, 53, 55, 57, 58, 59, 61, 62, 63, 64, 65, 66, 67, 69, 70, 71, 74, 76, 77, 78, 79, 80, 81, 82, 83, 84, 85, 87, 88, 90, 91, 92, 93, 94, 95, 96, 98, 99, 100, 103, 104, 105, 106, 107, 108, 110, 112, 113, 116, 117, 118, 119, 120, 121, 122, 123, 124, 126, 130, 131, 132, 134, 137, 139, 141, 143, 144, 146, 149, 151, 154, 157, 158, 159, 160, 162, 163, 164, 166, 167, 173, 174, 175, 176, 177, 178, 180, 181, 183, 184, 187, 188, 190, 192, 193, 195, 196, 197, 198, 199, 200, 201, 202, 203, 204, 208, 209, 212, 213, 214, 215, 217, 219, 221, 222, 223, 224, 225, 226, 228, 229, 230, 233, 237, 240, 241, 242, 245, 246, 247, 248, 249, 250, 251, 256, 257, 258, 259, 260, 261, 262, 263, 264, 266, 267, 268, 269, 270, 271, 272, 274, 275, 276, 279, 280, 281, 282, 284, 286, 287, 288, 289, 292, 293, 296, 297, 298, 300, 303, 304, 305, 306, 307, 308, 310, 311, 314, 317, 318, 320, 321, 322, 323, 324, 328, 330, 331, 333, 334, 335, 336, 337, 339, 340, 341, 344, 345, 348, 349, 351, 352, 354, 356, 358, 359, 360, 361, 362, 363, 364, 366, 367, 369, 370, 371, 372, 373, 375, 378, 379, 381, 382, 384, 387, 388, 389, 390, 392, 393, 394, 397, 398]

 Run number: 18

Current generation...: 100
Best solution found so far in island: Weight left: 14.0 Value: 22783306

Current generation...: 200
Best solution found so far in island: Weight left: 4.0 Value: 22783326

Current generation...: 300
Best solution found so far in island: Weight left: 90.0 Value: 22783454

Current generation...: 400
Best solution found so far in island: Weight left: 50.0 Value: 22784034

Current generation...: 499
Best solution found so far in island: Weight left: 12.0 Value: 22784310

Solution found in island:
Weight left: 12.0
Value: 22784310
Backpack configuration: [1, 2, 3, 7, 9, 10, 11, 13, 15, 16, 21, 23, 24, 25, 26, 27, 28, 29, 30, 34, 35, 36, 37, 38, 39, 40, 43, 44, 48, 49, 50, 51, 52, 53, 54, 55, 57, 58, 59, 61, 62, 63, 64, 67, 68, 69, 70, 75, 76, 78, 79, 80, 82, 83, 84, 85, 87, 88, 89, 90, 91, 92, 94, 95, 96, 98, 99, 100, 101, 102, 104, 106, 107, 108, 109, 110, 111, 112, 114, 116, 117, 120, 121, 122, 123, 126, 127, 128, 129, 130, 134, 135, 136, 137, 138, 139, 141, 144, 147, 148, 149, 150, 151, 152, 153, 154, 155, 156, 158, 159, 160, 162, 163, 164, 165, 166, 168, 169, 170, 171, 173, 174, 175, 176, 177, 178, 179, 180, 182, 184, 185, 187, 188, 189, 190, 193, 196, 197, 198, 199, 200, 201, 202, 203, 205, 206, 207, 208, 209, 210, 212, 213, 215, 216, 217, 218, 219, 221, 223, 224, 225, 226, 228, 229, 231, 233, 234, 235, 236, 237, 238, 242, 244, 246, 247, 248, 252, 253, 254, 255, 256, 257, 259, 261, 262, 263, 265, 268, 270, 271, 272, 273, 274, 275, 276, 278, 279, 280, 282, 283, 284, 286, 287, 288, 289, 290, 291, 292, 293, 294, 295, 296, 298, 299, 300, 302, 303, 304, 305, 306, 307, 308, 309, 310, 311, 316, 318, 320, 322, 323, 324, 325, 326, 328, 329, 331, 332, 334, 337, 338, 342, 346, 347, 348, 349, 350, 352, 353, 354, 355, 358, 359, 361, 362, 363, 364, 366, 367, 368, 370, 371, 375, 377, 379, 380, 386]

 Run number: 19

Current generation...: 100
Best solution found so far in island: Weight left: 247.0 Value: 22782140

Current generation...: 200
Best solution found so far in island: Weight left: 29.0 Value: 22782876

Current generation...: 300
Best solution found so far in island: Weight left: 13.0 Value: 22782908

Current generation...: 400
Best solution found so far in island: Weight left: 13.0 Value: 22782908

Current generation...: 499
Best solution found so far in island: Weight left: 11.0 Value: 22782912

Solution found in island:
Weight left: 11.0
Value: 22782912
Backpack configuration: [1, 2, 3, 4, 6, 8, 10, 12, 13, 15, 16, 17, 19, 20, 22, 23, 25, 26, 27, 28, 29, 32, 34, 35, 36, 37, 38, 39, 40, 42, 44, 46, 47, 48, 49, 51, 54, 55, 56, 57, 58, 60, 62, 63, 64, 66, 67, 69, 71, 72, 74, 75, 76, 77, 78, 79, 80, 81, 82, 83, 84, 85, 87, 88, 90, 91, 94, 95, 97, 99, 100, 101, 102, 103, 104, 106, 108, 109, 110, 111, 112, 113, 114, 115, 117, 118, 119, 120, 122, 123, 124, 125, 126, 128, 129, 131, 133, 134, 136, 138, 140, 143, 144, 146, 147, 148, 149, 150, 151, 153, 154, 155, 156, 157, 158, 160, 162, 164, 165, 166, 167, 168, 169, 170, 173, 174, 176, 177, 178, 179, 180, 181, 184, 187, 188, 189, 190, 191, 192, 193, 194, 195, 197, 198, 199, 202, 204, 206, 207, 208, 209, 211, 212, 216, 217, 218, 220, 222, 223, 224, 225, 226, 227, 228, 229, 230, 232, 234, 238, 240, 241, 242, 243, 244, 245, 246, 247, 248, 250, 251, 252, 253, 254, 256, 257, 258, 260, 261, 262, 269, 271, 272, 273, 274, 276, 277, 279, 280, 281, 282, 287, 290, 291, 294, 295, 297, 302, 303, 304, 305, 306, 307, 308, 310, 311, 312, 313, 316, 317, 318, 320, 321, 322, 323, 324, 325, 326, 327, 328, 330, 332, 337, 338, 342, 343, 344, 345, 346, 350, 351, 352, 353, 355, 356, 357, 360, 361, 362, 364, 366, 367, 368, 369, 370, 371, 372, 374, 375, 377, 378, 379, 384]

 Run number: 20

Current generation...: 100
Best solution found so far in island: Weight left: 61.0 Value: 22779712

Current generation...: 200
Best solution found so far in island: Weight left: 13.0 Value: 22780008

Current generation...: 300
Best solution found so far in island: Weight left: 3.0 Value: 22780028

Current generation...: 400
Best solution found so far in island: Weight left: 1.0 Value: 22780032

Current generation...: 499
Best solution found so far in island: Weight left: 1.0 Value: 22780032

Solution found in island:
Weight left: 1.0
Value: 22780032
Backpack configuration: [0, 1, 3, 4, 5, 7, 11, 13, 14, 15, 16, 17, 19, 20, 21, 23, 24, 25, 27, 28, 31, 32, 33, 34, 36, 37, 38, 40, 42, 44, 45, 48, 49, 50, 51, 53, 54, 55, 57, 59, 61, 62, 64, 65, 67, 69, 70, 71, 72, 73, 75, 76, 77, 78, 79, 82, 83, 85, 87, 88, 89, 91, 92, 93, 94, 95, 96, 97, 98, 99, 100, 101, 102, 103, 108, 109, 110, 112, 113, 114, 115, 117, 118, 120, 121, 122, 124, 125, 126, 128, 129, 132, 133, 134, 135, 137, 139, 140, 141, 143, 144, 146, 147, 148, 151, 152, 153, 154, 155, 156, 158, 160, 162, 165, 166, 168, 169, 171, 175, 176, 178, 179, 182, 184, 186, 187, 189, 190, 191, 193, 194, 195, 196, 197, 198, 199, 201, 202, 203, 204, 206, 207, 209, 210, 211, 212, 214, 216, 217, 218, 219, 221, 222, 224, 225, 228, 232, 234, 235, 236, 237, 238, 239, 240, 242, 246, 247, 248, 249, 250, 252, 253, 257, 260, 262, 263, 266, 267, 268, 272, 273, 275, 276, 277, 278, 279, 280, 282, 283, 284, 285, 286, 287, 290, 292, 293, 294, 295, 296, 297, 298, 300, 301, 302, 304, 305, 306, 307, 308, 309, 311, 312, 313, 314, 316, 317, 318, 319, 321, 322, 323, 325, 328, 329, 330, 333, 334, 336, 337, 338, 340, 341, 342, 343, 344, 346, 347, 348, 349, 350, 355, 356, 357, 362, 364, 365, 366, 368, 369, 373, 374, 375, 376]

 Run number: 21

Current generation...: 100
Best solution found so far in island: Weight left: 5.0 Value: 22782224

Current generation...: 200
Best solution found so far in island: Weight left: 100.0 Value: 22782734

Current generation...: 300
Best solution found so far in island: Weight left: 50.0 Value: 22782834

Current generation...: 400
Best solution found so far in island: Weight left: 8.0 Value: 22782918

Current generation...: 499
Best solution found so far in island: Weight left: 8.0 Value: 22782918

Solution found in island:
Weight left: 8.0
Value: 22782918
Backpack configuration: [0, 1, 2, 3, 4, 5, 6, 8, 9, 10, 12, 14, 16, 18, 19, 20, 21, 23, 24, 25, 26, 27, 29, 31, 33, 34, 37, 38, 39, 40, 42, 44, 49, 50, 51, 54, 56, 58, 60, 61, 62, 63, 64, 65, 67, 68, 69, 71, 72, 75, 76, 77, 78, 79, 80, 84, 86, 87, 88, 89, 91, 92, 93, 94, 95, 96, 97, 98, 101, 102, 103, 104, 105, 106, 107, 108, 109, 110, 111, 112, 115, 116, 118, 119, 120, 121, 122, 125, 126, 127, 128, 129, 130, 132, 133, 134, 135, 136, 140, 141, 142, 144, 146, 147, 148, 151, 152, 154, 155, 156, 157, 160, 161, 162, 164, 165, 166, 167, 168, 169, 170, 172, 174, 175, 176, 177, 178, 179, 180, 181, 185, 187, 188, 190, 191, 192, 196, 197, 198, 200, 201, 202, 203, 204, 206, 207, 208, 210, 212, 213, 214, 215, 216, 219, 220, 222, 227, 228, 229, 231, 232, 233, 234, 235, 238, 240, 242, 243, 244, 245, 247, 248, 250, 252, 254, 255, 256, 257, 258, 260, 262, 263, 264, 265, 266, 267, 268, 269, 270, 271, 272, 275, 276, 280, 282, 283, 285, 287, 288, 290, 291, 292, 294, 296, 297, 298, 299, 300, 302, 303, 304, 305, 310, 311, 314, 317, 320, 322, 323, 324, 325, 327, 328, 330, 331, 332, 333, 335, 336, 337, 338, 339, 342, 343, 346, 347, 351, 352, 353, 354, 355, 356, 357, 358, 359, 362, 363, 364, 366, 367, 369, 371, 372, 376, 378, 380, 381, 383, 384, 385]

 Run number: 22

Current generation...: 100
Best solution found so far in island: Weight left: 2.0 Value: 22780930

Current generation...: 200
Best solution found so far in island: Weight left: 2.0 Value: 22780930

Current generation...: 300
Best solution found so far in island: Weight left: 2.0 Value: 22780930

Current generation...: 400
Best solution found so far in island: Weight left: 2.0 Value: 22780930

Current generation...: 499
Best solution found so far in island: Weight left: 2.0 Value: 22780930

Solution found in island:
Weight left: 2.0
Value: 22780930
Backpack configuration: [0, 2, 3, 4, 5, 7, 11, 16, 17, 18, 19, 20, 22, 24, 26, 27, 29, 30, 31, 33, 34, 35, 37, 38, 39, 40, 41, 42, 43, 47, 50, 52, 54, 56, 57, 58, 59, 60, 62, 64, 65, 66, 67, 68, 70, 72, 73, 74, 75, 77, 78, 79, 80, 81, 83, 84, 85, 86, 87, 88, 89, 90, 91, 92, 93, 95, 96, 98, 99, 104, 106, 108, 109, 111, 113, 116, 117, 118, 119, 120, 121, 122, 124, 126, 127, 129, 131, 132, 133, 135, 136, 137, 138, 139, 141, 142, 143, 145, 147, 148, 151, 152, 153, 156, 157, 158, 159, 161, 162, 164, 168, 169, 170, 171, 172, 173, 174, 175, 176, 178, 179, 180, 182, 184, 185, 186, 187, 188, 189, 190, 192, 193, 194, 195, 196, 198, 199, 200, 201, 202, 203, 207, 209, 210, 211, 212, 214, 219, 221, 222, 224, 227, 228, 229, 231, 233, 234, 235, 237, 239, 240, 241, 242, 243, 245, 246, 248, 249, 250, 251, 255, 257, 259, 260, 262, 264, 265, 268, 269, 270, 271, 272, 273, 274, 276, 277, 279, 280, 281, 282, 283, 284, 285, 286, 287, 289, 290, 291, 292, 294, 296, 297, 298, 300, 301, 302, 303, 304, 306, 307, 308, 310, 311, 312, 315, 316, 318, 319, 321, 322, 323, 324, 327, 328, 329, 330, 332, 336, 337, 339, 340, 341, 343, 345, 347, 348, 349, 350, 351, 352, 353, 355, 356, 357, 358, 361, 363, 364, 367, 368, 369, 370, 371, 373, 374, 375, 377, 383]

 Run number: 23

Current generation...: 100
Best solution found so far in island: Weight left: 127.0 Value: 22784480

Current generation...: 200
Best solution found so far in island: Weight left: 76.0 Value: 22785082

Current generation...: 300
Best solution found so far in island: Weight left: 5.0 Value: 22785224

Current generation...: 400
Best solution found so far in island: Weight left: 5.0 Value: 22785224

Current generation...: 499
Best solution found so far in island: Weight left: 1.0 Value: 22785232

Solution found in island:
Weight left: 1.0
Value: 22785232
Backpack configuration: [1, 2, 3, 4, 6, 8, 9, 10, 11, 12, 13, 15, 16, 18, 19, 21, 22, 23, 26, 27, 28, 30, 33, 36, 37, 38, 39, 40, 41, 44, 46, 47, 49, 50, 51, 53, 54, 55, 57, 58, 59, 60, 61, 62, 66, 67, 69, 70, 71, 73, 74, 75, 76, 77, 78, 80, 82, 83, 85, 86, 88, 89, 90, 91, 92, 93, 94, 98, 99, 102, 104, 105, 107, 109, 110, 111, 112, 114, 115, 116, 117, 118, 119, 120, 121, 122, 123, 126, 127, 132, 134, 135, 137, 138, 139, 140, 141, 143, 145, 146, 147, 149, 150, 151, 154, 155, 158, 159, 161, 163, 164, 165, 166, 167, 168, 169, 171, 172, 173, 174, 175, 176, 177, 178, 179, 180, 181, 184, 187, 188, 189, 190, 192, 193, 195, 196, 199, 200, 202, 203, 206, 208, 210, 211, 212, 213, 216, 217, 218, 219, 222, 226, 227, 228, 229, 230, 231, 233, 234, 235, 236, 238, 239, 240, 242, 244, 245, 246, 247, 248, 249, 250, 251, 252, 253, 254, 256, 257, 258, 259, 261, 262, 263, 264, 268, 269, 271, 274, 277, 278, 280, 281, 282, 284, 286, 287, 288, 289, 290, 292, 293, 294, 299, 301, 302, 306, 307, 308, 309, 310, 311, 313, 314, 316, 320, 321, 322, 323, 324, 325, 326, 328, 333, 335, 336, 338, 339, 340, 341, 342, 343, 344, 345, 346, 347, 348, 349, 350, 351, 353, 354, 355, 356, 357, 358, 359, 360, 361, 363, 364, 365, 366, 370, 371, 372, 373, 377, 378, 380, 381, 383, 384, 386, 387, 388, 390, 391]

 Run number: 24

Current generation...: 100
Best solution found so far in island: Weight left: 31.0 Value: 22779572

Current generation...: 200
Best solution found so far in island: Weight left: 11.0 Value: 22779612

Current generation...: 300
Best solution found so far in island: Weight left: 4.0 Value: 22779626

Current generation...: 400
Best solution found so far in island: Weight left: 4.0 Value: 22779626

Current generation...: 499
Best solution found so far in island: Weight left: 4.0 Value: 22779626

Solution found in island:
Weight left: 4.0
Value: 22779626
Backpack configuration: [0, 1, 3, 4, 7, 8, 9, 10, 11, 12, 13, 17, 18, 23, 24, 26, 27, 28, 29, 30, 32, 33, 35, 38, 39, 40, 42, 43, 44, 45, 46, 47, 48, 49, 50, 52, 55, 56, 57, 58, 59, 60, 61, 62, 64, 67, 68, 70, 72, 73, 74, 75, 76, 78, 79, 80, 81, 82, 84, 85, 87, 90, 91, 92, 95, 97, 98, 99, 100, 102, 103, 104, 105, 106, 107, 109, 110, 113, 114, 115, 116, 117, 118, 119, 121, 122, 123, 124, 125, 127, 128, 129, 130, 133, 134, 136, 139, 140, 141, 142, 143, 144, 147, 148, 149, 150, 155, 157, 158, 159, 162, 164, 165, 167, 168, 169, 170, 171, 172, 173, 174, 175, 176, 178, 179, 180, 181, 184, 185, 187, 188, 189, 190, 191, 192, 193, 194, 196, 197, 198, 199, 200, 203, 204, 206, 207, 208, 209, 211, 212, 214, 217, 218, 220, 222, 223, 224, 226, 227, 228, 229, 233, 234, 235, 236, 240, 241, 242, 246, 248, 249, 250, 251, 252, 253, 255, 258, 261, 262, 263, 264, 265, 266, 267, 268, 269, 271, 272, 274, 275, 278, 280, 283, 284, 285, 288, 291, 293, 296, 298, 299, 301, 307, 308, 309, 310, 316, 318, 319, 321, 322, 324, 325, 326, 327, 328, 329, 330, 331, 332, 333, 334, 335, 336, 338, 341, 342, 343, 345, 346, 348, 350, 351, 353, 355, 360, 361, 362, 363, 367, 375, 377, 379, 380, 381, 382, 383, 384, 385, 387, 388, 390, 392, 394, 398]

 Run number: 25

Current generation...: 100
Best solution found so far in island: Weight left: 93.0 Value: 22778948

Current generation...: 200
Best solution found so far in island: Weight left: 43.0 Value: 22779548

Current generation...: 300
Best solution found so far in island: Weight left: 33.0 Value: 22779568

Current generation...: 400
Best solution found so far in island: Weight left: 33.0 Value: 22779568

Current generation...: 499
Best solution found so far in island: Weight left: 1.0 Value: 22779632

Solution found in island:
Weight left: 1.0
Value: 22779632
Backpack configuration: [0, 1, 2, 3, 4, 5, 6, 7, 8, 10, 12, 13, 16, 18, 19, 20, 21, 22, 23, 26, 28, 29, 30, 31, 33, 34, 35, 36, 37, 39, 41, 42, 44, 45, 46, 49, 50, 51, 52, 53, 56, 58, 61, 62, 63, 64, 65, 67, 68, 69, 72, 74, 76, 78, 80, 81, 83, 85, 87, 88, 90, 91, 93, 94, 95, 97, 99, 100, 101, 102, 103, 105, 106, 108, 109, 110, 112, 113, 115, 117, 119, 120, 121, 122, 123, 124, 126, 127, 129, 130, 134, 135, 137, 138, 139, 140, 142, 143, 144, 145, 146, 149, 155, 157, 160, 161, 163, 164, 165, 166, 167, 168, 169, 171, 172, 173, 174, 175, 177, 178, 179, 180, 181, 184, 185, 187, 188, 189, 191, 192, 193, 195, 196, 197, 198, 199, 201, 202, 204, 206, 207, 209, 210, 211, 212, 213, 214, 215, 216, 217, 219, 220, 223, 224, 226, 228, 229, 231, 232, 233, 235, 236, 237, 239, 241, 242, 244, 245, 247, 248, 249, 250, 251, 254, 255, 256, 257, 258, 259, 260, 261, 262, 263, 265, 266, 267, 268, 269, 270, 271, 272, 273, 275, 277, 281, 282, 283, 285, 286, 288, 291, 292, 293, 295, 296, 297, 298, 301, 302, 304, 305, 307, 308, 309, 312, 314, 315, 316, 317, 319, 320, 322, 327, 328, 330, 332, 333, 335, 336, 337, 340, 344, 345, 346, 348, 352, 353, 354, 355, 356, 358, 360, 364, 365, 366, 370, 372, 373, 375, 376, 377, 378, 379]

 Run number: 26

Current generation...: 100
Best solution found so far in island: Weight left: 17.0 Value: 22782500

Current generation...: 200
Best solution found so far in island: Weight left: 81.0 Value: 22782672

Current generation...: 300
Best solution found so far in island: Weight left: 31.0 Value: 22782772

Current generation...: 400
Best solution found so far in island: Weight left: 21.0 Value: 22782792

Current generation...: 499
Best solution found so far in island: Weight left: 3.0 Value: 22782828

Solution found in island:
Weight left: 3.0
Value: 22782828
Backpack configuration: [0, 1, 2, 4, 5, 7, 8, 13, 14, 16, 17, 21, 22, 23, 27, 28, 29, 30, 34, 35, 37, 39, 40, 41, 42, 43, 44, 45, 46, 49, 50, 52, 53, 55, 56, 58, 59, 60, 61, 62, 63, 64, 65, 66, 70, 71, 72, 73, 75, 78, 80, 82, 83, 85, 87, 88, 90, 91, 96, 98, 99, 100, 101, 102, 104, 105, 107, 108, 109, 110, 112, 115, 117, 118, 120, 121, 122, 123, 127, 128, 130, 132, 133, 134, 135, 136, 137, 138, 140, 144, 145, 146, 147, 149, 150, 151, 154, 157, 158, 159, 160, 162, 163, 164, 166, 167, 168, 170, 171, 172, 173, 175, 176, 177, 178, 179, 187, 188, 189, 190, 192, 193, 196, 197, 198, 199, 201, 202, 203, 204, 206, 209, 210, 211, 213, 214, 216, 217, 218, 219, 220, 221, 222, 223, 224, 225, 226, 228, 230, 231, 232, 233, 234, 235, 236, 241, 242, 243, 244, 245, 246, 247, 248, 249, 250, 251, 252, 253, 255, 256, 257, 259, 260, 261, 262, 264, 265, 266, 267, 272, 273, 274, 275, 278, 280, 281, 282, 285, 289, 290, 291, 293, 294, 295, 296, 297, 299, 301, 302, 305, 306, 308, 312, 313, 314, 315, 316, 317, 319, 320, 321, 322, 323, 324, 325, 327, 328, 330, 331, 332, 333, 335, 337, 338, 339, 340, 341, 343, 345, 347, 348, 349, 352, 354, 355, 358, 360, 362, 364, 365, 366, 368, 370, 371, 372, 373, 376, 377, 378, 380, 382, 383, 387, 388, 389, 390, 392, 393, 394, 395, 396]

 Run number: 27

Current generation...: 100
Best solution found so far in island: Weight left: 1.0 Value: 22789432

Current generation...: 200
Best solution found so far in island: Weight left: 1.0 Value: 22789432

Current generation...: 300
Best solution found so far in island: Weight left: 1.0 Value: 22789432

Current generation...: 400
Best solution found so far in island: Weight left: 1.0 Value: 22789432

Current generation...: 499
Best solution found so far in island: Weight left: 1.0 Value: 22789432

Solution found in island:
Weight left: 1.0
Value: 22789432
Backpack configuration: [4, 5, 6, 7, 8, 10, 11, 13, 14, 15, 16, 17, 18, 20, 21, 22, 23, 24, 26, 30, 31, 32, 33, 34, 36, 38, 40, 41, 42, 43, 44, 45, 46, 48, 49, 50, 52, 56, 60, 62, 63, 64, 67, 69, 70, 71, 72, 73, 74, 75, 78, 81, 82, 83, 85, 86, 88, 90, 91, 93, 94, 95, 97, 98, 99, 101, 102, 103, 105, 106, 107, 109, 111, 112, 113, 114, 115, 116, 117, 119, 120, 121, 123, 125, 126, 127, 128, 129, 130, 132, 134, 135, 136, 137, 138, 139, 141, 142, 143, 144, 145, 146, 147, 149, 150, 151, 152, 153, 154, 155, 156, 157, 158, 159, 160, 162, 163, 164, 165, 166, 167, 168, 169, 170, 171, 172, 173, 174, 176, 177, 180, 181, 182, 183, 184, 185, 186, 187, 188, 192, 194, 195, 197, 198, 199, 201, 202, 203, 204, 206, 209, 210, 211, 212, 214, 217, 220, 221, 222, 223, 224, 225, 226, 227, 228, 229, 230, 231, 232, 233, 234, 235, 236, 238, 239, 240, 241, 243, 245, 247, 248, 250, 251, 252, 253, 254, 255, 257, 258, 259, 260, 261, 263, 264, 267, 268, 270, 271, 272, 273, 274, 276, 279, 281, 282, 283, 284, 286, 287, 288, 289, 290, 291, 294, 298, 299, 300, 302, 304, 306, 307, 308, 309, 310, 313, 314, 315, 316, 317, 319, 320, 321, 322, 324, 325, 326, 327, 330, 332, 333, 335, 336, 337, 338, 339, 340, 343, 346, 348, 350, 351, 352, 354, 355, 356, 358, 359, 361, 363, 366, 367, 368, 369, 371, 378, 379, 381, 382, 385, 386, 387, 388, 390, 392, 394, 395, 396, 398, 399]

 Run number: 28

Current generation...: 100
Best solution found so far in island: Weight left: 3.0 Value: 22779528

Current generation...: 200
Best solution found so far in island: Weight left: 3.0 Value: 22779528

Current generation...: 300
Best solution found so far in island: Weight left: 17.0 Value: 22780000

Current generation...: 400
Best solution found so far in island: Weight left: 17.0 Value: 22780000

Current generation...: 499
Best solution found so far in island: Weight left: 7.0 Value: 22780020

Solution found in island:
Weight left: 7.0
Value: 22780020
Backpack configuration: [1, 3, 4, 7, 9, 10, 12, 14, 15, 16, 17, 18, 19, 20, 23, 24, 25, 27, 29, 30, 31, 34, 36, 37, 38, 39, 40, 41, 45, 46, 48, 49, 50, 52, 55, 56, 60, 61, 66, 67, 68, 69, 71, 73, 74, 75, 76, 78, 79, 80, 81, 82, 84, 85, 86, 87, 88, 89, 90, 91, 92, 93, 94, 97, 99, 100, 102, 103, 104, 106, 108, 109, 110, 111, 113, 114, 115, 117, 118, 119, 120, 121, 124, 125, 126, 127, 130, 131, 132, 134, 135, 137, 138, 139, 140, 141, 142, 144, 146, 148, 150, 151, 154, 157, 158, 161, 162, 164, 165, 167, 169, 170, 171, 173, 174, 175, 176, 177, 178, 182, 184, 185, 187, 188, 189, 190, 192, 196, 197, 198, 199, 201, 202, 203, 205, 207, 208, 209, 210, 211, 212, 217, 218, 220, 222, 223, 224, 227, 229, 231, 232, 233, 234, 236, 238, 239, 240, 243, 244, 245, 246, 247, 248, 249, 250, 253, 254, 255, 258, 259, 260, 261, 262, 263, 264, 266, 269, 272, 273, 274, 276, 277, 278, 279, 280, 281, 283, 286, 287, 288, 289, 290, 292, 296, 297, 299, 300, 301, 304, 307, 309, 310, 312, 313, 314, 316, 319, 320, 322, 324, 325, 327, 328, 329, 330, 331, 333, 334, 336, 338, 340, 341, 342, 343, 345, 346, 347, 348, 349, 350, 351, 353, 354, 355, 358, 359, 360, 363, 364, 365, 366, 367, 368, 369, 371, 372, 373, 378, 381, 382, 383, 384, 385, 386, 388, 391, 396]

 Run number: 29

Current generation...: 100
Best solution found so far in island: Weight left: 18.0 Value: 22779398

Current generation...: 200
Best solution found so far in island: Weight left: 18.0 Value: 22779398

Current generation...: 300
Best solution found so far in island: Weight left: 12.0 Value: 22779910

Current generation...: 400
Best solution found so far in island: Weight left: 10.0 Value: 22779914

Current generation...: 499
Best solution found so far in island: Weight left: 10.0 Value: 22779914

Solution found in island:
Weight left: 10.0
Value: 22779914
Backpack configuration: [0, 1, 2, 3, 4, 5, 6, 7, 9, 10, 11, 12, 14, 15, 16, 18, 19, 20, 21, 24, 27, 28, 29, 32, 35, 36, 37, 41, 42, 44, 45, 47, 48, 49, 50, 51, 52, 53, 54, 56, 57, 58, 59, 60, 63, 64, 65, 67, 69, 72, 73, 74, 75, 76, 77, 78, 80, 81, 82, 83, 85, 86, 89, 90, 91, 94, 95, 96, 97, 99, 100, 103, 104, 106, 108, 109, 110, 112, 113, 115, 116, 117, 118, 119, 120, 123, 124, 127, 128, 129, 131, 136, 137, 138, 139, 140, 142, 143, 144, 146, 147, 148, 152, 154, 156, 157, 158, 160, 161, 162, 163, 164, 165, 166, 167, 168, 169, 170, 171, 172, 173, 174, 175, 177, 178, 179, 180, 181, 185, 187, 188, 189, 190, 192, 193, 196, 197, 199, 201, 202, 204, 207, 209, 210, 211, 212, 213, 214, 218, 219, 220, 221, 222, 223, 229, 230, 232, 234, 235, 237, 238, 242, 243, 244, 245, 246, 247, 248, 250, 251, 253, 254, 255, 256, 257, 259, 261, 264, 265, 266, 268, 270, 271, 272, 275, 277, 278, 279, 280, 281, 282, 283, 285, 286, 287, 288, 289, 291, 292, 294, 295, 297, 298, 300, 301, 302, 303, 304, 306, 310, 311, 312, 313, 314, 315, 316, 317, 318, 320, 321, 322, 323, 324, 325, 326, 328, 329, 330, 331, 334, 338, 339, 342, 343, 344, 346, 347, 348, 349, 350, 351, 352, 353, 355, 358, 359, 361, 364, 366, 368, 372, 374, 376, 378, 382, 386]

 Run number: 30

Current generation...: 100
Best solution found so far in island: Weight left: 212.0 Value: 22790610

Current generation...: 200
Best solution found so far in island: Weight left: 2.0 Value: 22791030

Current generation...: 300
Best solution found so far in island: Weight left: 2.0 Value: 22791030

Current generation...: 400
Best solution found so far in island: Weight left: 2.0 Value: 22791030

Current generation...: 499
Best solution found so far in island: Weight left: 2.0 Value: 22791030

Solution found in island:
Weight left: 2.0
Value: 22791030
Backpack configuration: [2, 3, 5, 7, 8, 10, 11, 12, 13, 14, 15, 16, 18, 19, 21, 23, 24, 26, 27, 28, 30, 31, 32, 33, 34, 35, 37, 38, 39, 40, 41, 45, 46, 47, 48, 50, 51, 52, 54, 55, 56, 57, 58, 59, 60, 61, 62, 64, 65, 66, 68, 70, 71, 74, 75, 76, 77, 78, 81, 82, 83, 85, 86, 87, 88, 89, 90, 91, 94, 95, 96, 97, 98, 99, 100, 102, 103, 105, 106, 107, 108, 109, 110, 112, 113, 114, 117, 119, 123, 124, 125, 128, 130, 132, 133, 135, 136, 137, 138, 139, 140, 141, 143, 144, 145, 146, 147, 148, 149, 150, 151, 153, 154, 155, 156, 158, 160, 161, 162, 163, 164, 166, 167, 168, 169, 170, 171, 172, 173, 174, 176, 177, 178, 179, 180, 181, 183, 186, 187, 192, 194, 196, 197, 198, 199, 200, 201, 202, 204, 206, 207, 208, 209, 210, 211, 212, 213, 214, 215, 216, 217, 218, 219, 220, 221, 222, 223, 224, 225, 226, 227, 231, 232, 233, 234, 235, 236, 237, 239, 240, 241, 242, 246, 247, 248, 250, 251, 253, 254, 255, 256, 257, 258, 259, 260, 262, 263, 264, 266, 267, 268, 271, 272, 273, 274, 275, 276, 278, 279, 280, 282, 283, 285, 286, 287, 288, 289, 290, 291, 293, 294, 295, 296, 299, 301, 302, 303, 304, 306, 308, 309, 310, 311, 312, 313, 314, 315, 316, 317, 318, 319, 320, 321, 323, 324, 325, 326, 328, 329, 330, 332, 333, 335, 336, 337, 338, 340, 341, 342, 343, 345, 346, 347, 348, 349, 353, 354, 355, 356, 357, 361, 362, 363, 364, 366, 367, 369, 370, 371, 372, 373, 375, 376]